pair_id,label,probability,prediction,threshold,status
wa-test-000000,0,4.4044000666421244e-05,0,0.6347524058514007,available
wa-test-000001,0,0.0005667721986455491,0,0.6347524058514007,available
wa-test-000002,0,0.001545458366662032,0,0.6347524058514007,available
wa-test-000003,0,0.028044593156134175,0,0.6347524058514007,available
wa-test-000004,0,0.31321616565096544,0,0.6347524058514007,available
wa-test-000005,0,0.00032546061181518154,0,0.6347524058514007,available
wa-test-000006,0,0.000333092968290208,0,0.6347524058514007,available
wa-test-000007,1,0.11286402136892047,0,0.6347524058514007,available
wa-test-000008,0,0.007387909005314756,0,0.6347524058514007,available
wa-test-000009,1,0.995385176991971,1,0.6347524058514007,available
wa-test-000010,0,0.0009174921846601181,0,0.6347524058514007,available
wa-test-000011,0,0.0029091214107332774,0,0.6347524058514007,available
wa-test-000012,0,0.0019026291926852559,0,0.6347524058514007,available
wa-test-000013,1,0.9789757005364748,1,0.6347524058514007,available
wa-test-000014,0,0.01765743995218507,0,0.6347524058514007,available
wa-test-000015,0,0.00521588770973183,0,0.6347524058514007,available
wa-test-000016,0,0.0014021019788401847,0,0.6347524058514007,available
wa-test-000017,0,0.00016007261662527098,0,0.6347524058514007,available
wa-test-000018,0,0.009151142735419213,0,0.6347524058514007,available
wa-test-000019,0,0.0011439187408346734,0,0.6347524058514007,available
wa-test-000020,0,0.000792099030241814,0,0.6347524058514007,available
wa-test-000021,0,0.030188492295397735,0,0.6347524058514007,available
wa-test-000022,1,0.990695138552799,1,0.6347524058514007,available
wa-test-000023,0,0.0017900196697418738,0,0.6347524058514007,available
wa-test-000024,0,0.012249657849451659,0,0.6347524058514007,available
wa-test-000025,0,0.00014473766808345068,0,0.6347524058514007,available
wa-test-000026,0,0.0010016798266116937,0,0.6347524058514007,available
wa-test-000027,0,0.006419168547419434,0,0.6347524058514007,available
wa-test-000028,0,0.0024112885727078474,0,0.6347524058514007,available
wa-test-000029,0,0.0006155265564323846,0,0.6347524058514007,available
wa-test-000030,0,0.0008775948575998266,0,0.6347524058514007,available
wa-test-000031,0,0.00012142692573463261,0,0.6347524058514007,available
wa-test-000032,0,0.003471566013372117,0,0.6347524058514007,available
wa-test-000033,0,0.0010944860799351921,0,0.6347524058514007,available
wa-test-000034,0,0.001016502254289698,0,0.6347524058514007,available
wa-test-000035,0,0.29222939977518536,0,0.6347524058514007,available
wa-test-000036,0,0.005116873668478949,0,0.6347524058514007,available
wa-test-000037,0,0.01838036519958266,0,0.6347524058514007,available
wa-test-000038,0,0.0002685200114958327,0,0.6347524058514007,available
wa-test-000039,0,0.02407616955330671,0,0.6347524058514007,available
wa-test-000040,0,0.03354004862915864,0,0.6347524058514007,available
wa-test-000041,0,0.0027020640803312045,0,0.6347524058514007,available
wa-test-000042,1,0.9767100871925846,1,0.6347524058514007,available
wa-test-000043,0,0.0012844657816476798,0,0.6347524058514007,available
wa-test-000044,0,9.060572385648615e-05,0,0.6347524058514007,available
wa-test-000045,0,0.012856773907271184,0,0.6347524058514007,available
wa-test-000046,0,0.0021121745237281256,0,0.6347524058514007,available
wa-test-000047,0,0.0007151261823785434,0,0.6347524058514007,available
wa-test-000048,0,0.005330872102737734,0,0.6347524058514007,available
wa-test-000049,0,0.0005895738150301394,0,0.6347524058514007,available
wa-test-000050,0,0.0008083985149491537,0,0.6347524058514007,available
wa-test-000051,0,0.10154179002078961,0,0.6347524058514007,available
wa-test-000052,0,0.0014595455743175321,0,0.6347524058514007,available
wa-test-000053,0,0.04186338824852213,0,0.6347524058514007,available
wa-test-000054,0,0.00043990410142983607,0,0.6347524058514007,available
wa-test-000055,0,0.0025732140829813847,0,0.6347524058514007,available
wa-test-000056,0,0.0013600270631384055,0,0.6347524058514007,available
wa-test-000057,0,0.03384860060852863,0,0.6347524058514007,available
wa-test-000058,0,0.0013528371023199984,0,0.6347524058514007,available
wa-test-000059,0,0.0003481233602605131,0,0.6347524058514007,available
wa-test-000060,0,0.0005295017724687505,0,0.6347524058514007,available
wa-test-000061,0,0.00014887549451246884,0,0.6347524058514007,available
wa-test-000062,0,0.0008767376369026938,0,0.6347524058514007,available
wa-test-000063,0,0.0005080241531215757,0,0.6347524058514007,available
wa-test-000064,0,0.00147288099804565,0,0.6347524058514007,available
wa-test-000065,0,0.002018742679656839,0,0.6347524058514007,available
wa-test-000066,0,0.0074344627378042346,0,0.6347524058514007,available
wa-test-000067,0,0.0013361332565972185,0,0.6347524058514007,available
wa-test-000068,0,0.007776779518192594,0,0.6347524058514007,available
wa-test-000069,0,2.7787962222649368e-05,0,0.6347524058514007,available
wa-test-000070,0,0.00037815430641850533,0,0.6347524058514007,available
wa-test-000071,0,0.0004519890632925749,0,0.6347524058514007,available
wa-test-000072,0,0.007934287698837736,0,0.6347524058514007,available
wa-test-000073,0,0.0009921974735399859,0,0.6347524058514007,available
wa-test-000074,0,0.00013917241331613087,0,0.6347524058514007,available
wa-test-000075,0,0.0010444379998166447,0,0.6347524058514007,available
wa-test-000076,0,0.004401759538645401,0,0.6347524058514007,available
wa-test-000077,0,0.0001588726796080029,0,0.6347524058514007,available
wa-test-000078,0,0.0013237631724817439,0,0.6347524058514007,available
wa-test-000079,0,0.00031860698442939535,0,0.6347524058514007,available
wa-test-000080,0,0.006005407061771654,0,0.6347524058514007,available
wa-test-000081,0,0.002340619516217059,0,0.6347524058514007,available
wa-test-000082,0,0.009130346155887866,0,0.6347524058514007,available
wa-test-000083,0,0.0003357493503256144,0,0.6347524058514007,available
wa-test-000084,0,0.00018613418276166248,0,0.6347524058514007,available
wa-test-000085,0,0.01215540141525654,0,0.6347524058514007,available
wa-test-000086,1,0.642651037381352,1,0.6347524058514007,available
wa-test-000087,0,4.8585629596218195e-05,0,0.6347524058514007,available
wa-test-000088,0,0.007922427126968659,0,0.6347524058514007,available
wa-test-000089,0,0.0005861140663734453,0,0.6347524058514007,available
wa-test-000090,0,0.0004707876887556443,0,0.6347524058514007,available
wa-test-000091,1,0.8537935673928676,1,0.6347524058514007,available
wa-test-000092,0,0.008631746777989264,0,0.6347524058514007,available
wa-test-000093,0,0.05033890761828359,0,0.6347524058514007,available
wa-test-000094,0,0.0006247930071648106,0,0.6347524058514007,available
wa-test-000095,0,0.027596331621763382,0,0.6347524058514007,available
wa-test-000096,0,9.040587473888593e-05,0,0.6347524058514007,available
wa-test-000097,0,0.004565787142240103,0,0.6347524058514007,available
wa-test-000098,0,0.00015571330516219231,0,0.6347524058514007,available
wa-test-000099,0,0.00010568150144171154,0,0.6347524058514007,available
wa-test-000100,0,0.0009332495949652144,0,0.6347524058514007,available
wa-test-000101,0,0.0011282502570734586,0,0.6347524058514007,available
wa-test-000102,0,0.0010949920060315838,0,0.6347524058514007,available
wa-test-000103,0,0.005230536719279369,0,0.6347524058514007,available
wa-test-000104,0,2.7954269379785778e-05,0,0.6347524058514007,available
wa-test-000105,0,4.961938510291606e-05,0,0.6347524058514007,available
wa-test-000106,0,0.03312695532732234,0,0.6347524058514007,available
wa-test-000107,0,0.0002448534551053194,0,0.6347524058514007,available
wa-test-000108,0,0.0007421511602165027,0,0.6347524058514007,available
wa-test-000109,0,0.00027872526618727894,0,0.6347524058514007,available
wa-test-000110,0,0.005655253369143302,0,0.6347524058514007,available
wa-test-000111,0,0.000913233936855251,0,0.6347524058514007,available
wa-test-000112,0,0.0013232443373512553,0,0.6347524058514007,available
wa-test-000113,0,0.007999060328547372,0,0.6347524058514007,available
wa-test-000114,0,0.0008160706364113382,0,0.6347524058514007,available
wa-test-000115,0,0.00014917697185982224,0,0.6347524058514007,available
wa-test-000116,0,0.0010004987902635745,0,0.6347524058514007,available
wa-test-000117,1,0.007380228546775533,0,0.6347524058514007,available
wa-test-000118,0,0.0006812531134575165,0,0.6347524058514007,available
wa-test-000119,1,0.9880625311128546,1,0.6347524058514007,available
wa-test-000120,0,0.0012071829799199653,0,0.6347524058514007,available
wa-test-000121,0,0.006684781380618392,0,0.6347524058514007,available
wa-test-000122,0,0.0011756939325878318,0,0.6347524058514007,available
wa-test-000123,0,0.0010170084800177265,0,0.6347524058514007,available
wa-test-000124,0,8.341920438762492e-05,0,0.6347524058514007,available
wa-test-000125,0,0.001323262987484452,0,0.6347524058514007,available
wa-test-000126,1,0.9897438303697499,1,0.6347524058514007,available
wa-test-000127,0,2.697345815849705e-05,0,0.6347524058514007,available
wa-test-000128,0,0.0005264527470015467,0,0.6347524058514007,available
wa-test-000129,0,0.000254045948401852,0,0.6347524058514007,available
wa-test-000130,0,0.0004654515907910612,0,0.6347524058514007,available
wa-test-000131,0,0.00010198629594406374,0,0.6347524058514007,available
wa-test-000132,0,0.0161989062751436,0,0.6347524058514007,available
wa-test-000133,0,0.0010832714659209282,0,0.6347524058514007,available
wa-test-000134,0,0.0008363802309584248,0,0.6347524058514007,available
wa-test-000135,0,0.013229396958163357,0,0.6347524058514007,available
wa-test-000136,0,0.0018646817150303901,0,0.6347524058514007,available
wa-test-000137,0,0.00020993985401659266,0,0.6347524058514007,available
wa-test-000138,1,0.9882580054474616,1,0.6347524058514007,available
wa-test-000139,0,0.00038672805901295335,0,0.6347524058514007,available
wa-test-000140,0,0.00030680286750415755,0,0.6347524058514007,available
wa-test-000141,0,0.0009164860352530284,0,0.6347524058514007,available
wa-test-000142,0,0.00557103745653909,0,0.6347524058514007,available
wa-test-000143,0,0.0046084973802073825,0,0.6347524058514007,available
wa-test-000144,0,0.0002869595728705698,0,0.6347524058514007,available
wa-test-000145,0,0.0005518642917641211,0,0.6347524058514007,available
wa-test-000146,1,0.9550062027965645,1,0.6347524058514007,available
wa-test-000147,0,0.002313174245889218,0,0.6347524058514007,available
wa-test-000148,0,0.024038273177278423,0,0.6347524058514007,available
wa-test-000149,0,0.1206810668200042,0,0.6347524058514007,available
wa-test-000150,0,0.0018708167557658748,0,0.6347524058514007,available
wa-test-000151,0,0.00030230190368128556,0,0.6347524058514007,available
wa-test-000152,0,0.0006039485025640757,0,0.6347524058514007,available
wa-test-000153,0,0.0008834224109364515,0,0.6347524058514007,available
wa-test-000154,0,0.0012141321639412698,0,0.6347524058514007,available
wa-test-000155,0,0.003844421351535426,0,0.6347524058514007,available
wa-test-000156,0,0.001167409432053685,0,0.6347524058514007,available
wa-test-000157,0,0.006596789836029115,0,0.6347524058514007,available
wa-test-000158,1,0.914546845370276,1,0.6347524058514007,available
wa-test-000159,0,0.06685955458908974,0,0.6347524058514007,available
wa-test-000160,0,0.0001629871737076004,0,0.6347524058514007,available
wa-test-000161,0,0.000709000909012045,0,0.6347524058514007,available
wa-test-000162,0,0.00044663308388884264,0,0.6347524058514007,available
wa-test-000163,0,0.0028960410955339534,0,0.6347524058514007,available
wa-test-000164,0,0.0004154316281359579,0,0.6347524058514007,available
wa-test-000165,1,0.998766594404784,1,0.6347524058514007,available
wa-test-000166,1,0.9870354092060412,1,0.6347524058514007,available
wa-test-000167,0,0.00047490314867738436,0,0.6347524058514007,available
wa-test-000168,1,0.9579441700485334,1,0.6347524058514007,available
wa-test-000169,0,0.005108301335290684,0,0.6347524058514007,available
wa-test-000170,0,0.0006204216575477811,0,0.6347524058514007,available
wa-test-000171,0,0.002990941652158424,0,0.6347524058514007,available
wa-test-000172,0,0.0007467552161211065,0,0.6347524058514007,available
wa-test-000173,0,0.0022386303082119856,0,0.6347524058514007,available
wa-test-000174,0,0.0021716515562960554,0,0.6347524058514007,available
wa-test-000175,0,0.0011715952875212391,0,0.6347524058514007,available
wa-test-000176,0,0.005037154019364264,0,0.6347524058514007,available
wa-test-000177,0,0.004268294635634455,0,0.6347524058514007,available
wa-test-000178,0,0.0009497035799791142,0,0.6347524058514007,available
wa-test-000179,0,0.002146128816990067,0,0.6347524058514007,available
wa-test-000180,0,0.000444692498857477,0,0.6347524058514007,available
wa-test-000181,0,0.0015219302828684347,0,0.6347524058514007,available
wa-test-000182,0,0.0005857595317754789,0,0.6347524058514007,available
wa-test-000183,0,0.0030497592049447283,0,0.6347524058514007,available
wa-test-000184,0,0.0004998161479905195,0,0.6347524058514007,available
wa-test-000185,0,0.0002303009943690138,0,0.6347524058514007,available
wa-test-000186,1,0.9838808067740346,1,0.6347524058514007,available
wa-test-000187,0,0.0008493402990041997,0,0.6347524058514007,available
wa-test-000188,0,0.010265778554253159,0,0.6347524058514007,available
wa-test-000189,0,0.0005375676588339187,0,0.6347524058514007,available
wa-test-000190,1,0.9786013356306948,1,0.6347524058514007,available
wa-test-000191,0,0.00023751409617570106,0,0.6347524058514007,available
wa-test-000192,1,0.9911334159988118,1,0.6347524058514007,available
wa-test-000193,0,0.0002230664606344158,0,0.6347524058514007,available
wa-test-000194,0,0.0002990468076042605,0,0.6347524058514007,available
wa-test-000195,0,0.0046923151775546505,0,0.6347524058514007,available
wa-test-000196,0,0.00027082688994622115,0,0.6347524058514007,available
wa-test-000197,0,0.32604700022796723,0,0.6347524058514007,available
wa-test-000198,0,0.000405883568385299,0,0.6347524058514007,available
wa-test-000199,1,0.9582743750827056,1,0.6347524058514007,available
wa-test-000200,0,9.567905196405322e-05,0,0.6347524058514007,available
wa-test-000201,0,0.0009676728874204554,0,0.6347524058514007,available
wa-test-000202,0,0.0009426538254638042,0,0.6347524058514007,available
wa-test-000203,0,0.0034283272605853485,0,0.6347524058514007,available
wa-test-000204,0,0.00027478757373967895,0,0.6347524058514007,available
wa-test-000205,0,0.0028583094238590332,0,0.6347524058514007,available
wa-test-000206,0,0.00034262446767985836,0,0.6347524058514007,available
wa-test-000207,0,0.00017680393237308361,0,0.6347524058514007,available
wa-test-000208,0,0.001775936564115141,0,0.6347524058514007,available
wa-test-000209,0,0.0009032659892534733,0,0.6347524058514007,available
wa-test-000210,0,6.27910780346503e-05,0,0.6347524058514007,available
wa-test-000211,0,0.0012159611893908051,0,0.6347524058514007,available
wa-test-000212,0,0.00017830274544777247,0,0.6347524058514007,available
wa-test-000213,0,0.0001698727900669211,0,0.6347524058514007,available
wa-test-000214,0,0.0006487892074561058,0,0.6347524058514007,available
wa-test-000215,0,0.00247789667077015,0,0.6347524058514007,available
wa-test-000216,0,0.0016544498591483231,0,0.6347524058514007,available
wa-test-000217,0,0.00010969773764016755,0,0.6347524058514007,available
wa-test-000218,0,0.0005307855758158002,0,0.6347524058514007,available
wa-test-000219,1,0.9845197858830725,1,0.6347524058514007,available
wa-test-000220,0,0.0010580436000474434,0,0.6347524058514007,available
wa-test-000221,0,0.001283570712593954,0,0.6347524058514007,available
wa-test-000222,0,0.0018653483048326537,0,0.6347524058514007,available
wa-test-000223,0,0.00019110294287010438,0,0.6347524058514007,available
wa-test-000224,0,0.0025197782724772832,0,0.6347524058514007,available
wa-test-000225,1,0.9508412506366075,1,0.6347524058514007,available
wa-test-000226,0,0.0006274840008922617,0,0.6347524058514007,available
wa-test-000227,0,2.1246160490148633e-05,0,0.6347524058514007,available
wa-test-000228,0,0.011272848723480965,0,0.6347524058514007,available
wa-test-000229,0,0.00036266519471978026,0,0.6347524058514007,available
wa-test-000230,0,0.0022361616430653206,0,0.6347524058514007,available
wa-test-000231,0,0.00017777991349204658,0,0.6347524058514007,available
wa-test-000232,0,0.000670054986837686,0,0.6347524058514007,available
wa-test-000233,0,0.004230241415619027,0,0.6347524058514007,available
wa-test-000234,0,0.0007555420867614699,0,0.6347524058514007,available
wa-test-000235,0,0.00018022828743627852,0,0.6347524058514007,available
wa-test-000236,0,0.008655012690620169,0,0.6347524058514007,available
wa-test-000237,0,0.01641511824220621,0,0.6347524058514007,available
wa-test-000238,0,0.0009587643773930416,0,0.6347524058514007,available
wa-test-000239,0,0.0006249151891411828,0,0.6347524058514007,available
wa-test-000240,0,0.00245724727587437,0,0.6347524058514007,available
wa-test-000241,0,0.0017155699945016509,0,0.6347524058514007,available
wa-test-000242,0,0.0018743716718606664,0,0.6347524058514007,available
wa-test-000243,0,0.0015613169894017273,0,0.6347524058514007,available
wa-test-000244,1,0.9739863382296772,1,0.6347524058514007,available
wa-test-000245,0,0.0008244450253347736,0,0.6347524058514007,available
wa-test-000246,1,0.17641379621009018,0,0.6347524058514007,available
wa-test-000247,0,0.00472262629743443,0,0.6347524058514007,available
wa-test-000248,0,0.0008226272112625509,0,0.6347524058514007,available
wa-test-000249,0,0.0004899516535696943,0,0.6347524058514007,available
wa-test-000250,0,0.0006369199503375055,0,0.6347524058514007,available
wa-test-000251,0,7.458352090311014e-05,0,0.6347524058514007,available
wa-test-000252,0,0.0017790034326589951,0,0.6347524058514007,available
wa-test-000253,0,0.001219406375559171,0,0.6347524058514007,available
wa-test-000254,0,0.007693974215937536,0,0.6347524058514007,available
wa-test-000255,0,0.04036131833713086,0,0.6347524058514007,available
wa-test-000256,0,0.00016216147787994037,0,0.6347524058514007,available
wa-test-000257,0,0.0011282250191358523,0,0.6347524058514007,available
wa-test-000258,1,0.9955779811208632,1,0.6347524058514007,available
wa-test-000259,0,0.00039081101318366284,0,0.6347524058514007,available
wa-test-000260,0,0.0034127806531511775,0,0.6347524058514007,available
wa-test-000261,0,0.008551903168785879,0,0.6347524058514007,available
wa-test-000262,0,0.000996608554094159,0,0.6347524058514007,available
wa-test-000263,0,0.001310013667615562,0,0.6347524058514007,available
wa-test-000264,0,0.01681702679951789,0,0.6347524058514007,available
wa-test-000265,0,0.0007726755195381795,0,0.6347524058514007,available
wa-test-000266,0,0.034934645040622846,0,0.6347524058514007,available
wa-test-000267,0,0.000708278221452066,0,0.6347524058514007,available
wa-test-000268,0,0.0015089267076697256,0,0.6347524058514007,available
wa-test-000269,1,0.8449174804762585,1,0.6347524058514007,available
wa-test-000270,0,0.002906524417352396,0,0.6347524058514007,available
wa-test-000271,0,0.0009933362006628139,0,0.6347524058514007,available
wa-test-000272,0,0.0010189826772914066,0,0.6347524058514007,available
wa-test-000273,0,0.032318307357194966,0,0.6347524058514007,available
wa-test-000274,0,8.391362143663007e-05,0,0.6347524058514007,available
wa-test-000275,0,0.0019656662656747648,0,0.6347524058514007,available
wa-test-000276,0,0.00037226285995052967,0,0.6347524058514007,available
wa-test-000277,0,0.0031821002089440042,0,0.6347524058514007,available
wa-test-000278,1,0.3794403103051969,0,0.6347524058514007,available
wa-test-000279,0,0.0018100273480160462,0,0.6347524058514007,available
wa-test-000280,0,0.0013227282345199393,0,0.6347524058514007,available
wa-test-000281,0,0.00570572608252313,0,0.6347524058514007,available
wa-test-000282,0,0.0004905879960309304,0,0.6347524058514007,available
wa-test-000283,0,0.002606020046509612,0,0.6347524058514007,available
wa-test-000284,0,0.00019807007374011648,0,0.6347524058514007,available
wa-test-000285,0,0.0001394806974021779,0,0.6347524058514007,available
wa-test-000286,0,0.00014334899545128527,0,0.6347524058514007,available
wa-test-000287,0,0.0012319528105202559,0,0.6347524058514007,available
wa-test-000288,0,0.5781248016140592,0,0.6347524058514007,available
wa-test-000289,0,0.17369641215843765,0,0.6347524058514007,available
wa-test-000290,0,0.0010947973728558786,0,0.6347524058514007,available
wa-test-000291,1,0.9984197098097422,1,0.6347524058514007,available
wa-test-000292,0,0.00019920290804654165,0,0.6347524058514007,available
wa-test-000293,0,0.0022612004066885124,0,0.6347524058514007,available
wa-test-000294,0,0.0005545626023698266,0,0.6347524058514007,available
wa-test-000295,0,0.0004631795952456465,0,0.6347524058514007,available
wa-test-000296,0,0.00427427273831593,0,0.6347524058514007,available
wa-test-000297,0,0.041063567049534774,0,0.6347524058514007,available
wa-test-000298,0,0.00030414653073413094,0,0.6347524058514007,available
wa-test-000299,0,0.00027178661307624986,0,0.6347524058514007,available
wa-test-000300,0,0.5483185840986978,0,0.6347524058514007,available
wa-test-000301,1,0.9892886378821286,1,0.6347524058514007,available
wa-test-000302,0,0.0004557506318657169,0,0.6347524058514007,available
wa-test-000303,0,0.0012317456235254325,0,0.6347524058514007,available
wa-test-000304,0,0.0002700988910759743,0,0.6347524058514007,available
wa-test-000305,0,0.0028131872575232427,0,0.6347524058514007,available
wa-test-000306,0,0.0013137704327081208,0,0.6347524058514007,available
wa-test-000307,0,0.0011151956293257528,0,0.6347524058514007,available
wa-test-000308,0,0.0032093720784403088,0,0.6347524058514007,available
wa-test-000309,0,0.000880641430026263,0,0.6347524058514007,available
wa-test-000310,0,0.004424076628860549,0,0.6347524058514007,available
wa-test-000311,0,0.0012513637631834794,0,0.6347524058514007,available
wa-test-000312,0,0.00016238805911259697,0,0.6347524058514007,available
wa-test-000313,0,0.015992524343729213,0,0.6347524058514007,available
wa-test-000314,0,8.702485930638874e-05,0,0.6347524058514007,available
wa-test-000315,0,0.0011624882078102013,0,0.6347524058514007,available
wa-test-000316,0,0.0024387610991402045,0,0.6347524058514007,available
wa-test-000317,0,0.056181982646725054,0,0.6347524058514007,available
wa-test-000318,0,0.0009745435420957372,0,0.6347524058514007,available
wa-test-000319,0,0.0008721532364258361,0,0.6347524058514007,available
wa-test-000320,0,9.683490299528601e-05,0,0.6347524058514007,available
wa-test-000321,0,0.00019089610646662105,0,0.6347524058514007,available
wa-test-000322,0,0.0005773048272338538,0,0.6347524058514007,available
wa-test-000323,0,0.001541265619692332,0,0.6347524058514007,available
wa-test-000324,1,0.9854289120548756,1,0.6347524058514007,available
wa-test-000325,0,0.0011481993903434747,0,0.6347524058514007,available
wa-test-000326,0,0.0012558433885442267,0,0.6347524058514007,available
wa-test-000327,0,0.1987803956590708,0,0.6347524058514007,available
wa-test-000328,0,0.0021146179897054977,0,0.6347524058514007,available
wa-test-000329,1,0.8342654854534618,1,0.6347524058514007,available
wa-test-000330,0,0.0008226272112625509,0,0.6347524058514007,available
wa-test-000331,0,0.00253087624847171,0,0.6347524058514007,available
wa-test-000332,1,0.9995098420801822,1,0.6347524058514007,available
wa-test-000333,0,0.00024078426825820535,0,0.6347524058514007,available
wa-test-000334,0,0.0009216415920911183,0,0.6347524058514007,available
wa-test-000335,0,0.0007890917256241074,0,0.6347524058514007,available
wa-test-000336,0,0.0008957943818648086,0,0.6347524058514007,available
wa-test-000337,0,0.0011240737637430618,0,0.6347524058514007,available
wa-test-000338,0,0.002100221464033164,0,0.6347524058514007,available
wa-test-000339,0,0.004896840316238208,0,0.6347524058514007,available
wa-test-000340,0,0.0015653003035585719,0,0.6347524058514007,available
wa-test-000341,0,0.004862167236312006,0,0.6347524058514007,available
wa-test-000342,0,0.002096958563544528,0,0.6347524058514007,available
wa-test-000343,0,0.03681628808961481,0,0.6347524058514007,available
wa-test-000344,0,0.000311046866587847,0,0.6347524058514007,available
wa-test-000345,0,0.0005851131650874066,0,0.6347524058514007,available
wa-test-000346,0,0.00030862268243623967,0,0.6347524058514007,available
wa-test-000347,0,0.0014389970711839695,0,0.6347524058514007,available
wa-test-000348,0,0.09786835389074462,0,0.6347524058514007,available
wa-test-000349,0,0.00019971383506255596,0,0.6347524058514007,available
wa-test-000350,0,0.00106094175218586,0,0.6347524058514007,available
wa-test-000351,0,0.037567696931908603,0,0.6347524058514007,available
wa-test-000352,0,0.0010086132259384676,0,0.6347524058514007,available
wa-test-000353,0,0.0065941879427176674,0,0.6347524058514007,available
wa-test-000354,0,0.16672096841004216,0,0.6347524058514007,available
wa-test-000355,0,0.0013021159134302789,0,0.6347524058514007,available
wa-test-000356,0,0.00044071836360885027,0,0.6347524058514007,available
wa-test-000357,0,0.0064825462538700305,0,0.6347524058514007,available
wa-test-000358,0,0.0011168949046525885,0,0.6347524058514007,available
wa-test-000359,0,0.00015628417962494187,0,0.6347524058514007,available
wa-test-000360,0,0.0007576348314212627,0,0.6347524058514007,available
wa-test-000361,0,0.0002633361797685603,0,0.6347524058514007,available
wa-test-000362,0,0.0008525262732658728,0,0.6347524058514007,available
wa-test-000363,0,0.00017863270430415728,0,0.6347524058514007,available
wa-test-000364,0,0.0004935519399157502,0,0.6347524058514007,available
wa-test-000365,0,0.0007306298989826507,0,0.6347524058514007,available
wa-test-000366,0,0.0002721132151436813,0,0.6347524058514007,available
wa-test-000367,0,0.0025001502095533218,0,0.6347524058514007,available
wa-test-000368,0,0.00019361295937478314,0,0.6347524058514007,available
wa-test-000369,0,0.0014150248053921594,0,0.6347524058514007,available
wa-test-000370,0,0.008187557145050138,0,0.6347524058514007,available
wa-test-000371,0,0.0008236427503765466,0,0.6347524058514007,available
wa-test-000372,0,0.0009276713964326785,0,0.6347524058514007,available
wa-test-000373,0,0.0003789906566551218,0,0.6347524058514007,available
wa-test-000374,0,0.012391574240167671,0,0.6347524058514007,available
wa-test-000375,0,0.005479744002359403,0,0.6347524058514007,available
wa-test-000376,0,0.0010215621488033357,0,0.6347524058514007,available
wa-test-000377,0,0.001033186267439267,0,0.6347524058514007,available
wa-test-000378,0,0.007502723390223788,0,0.6347524058514007,available
wa-test-000379,0,0.0012000123248939024,0,0.6347524058514007,available
wa-test-000380,0,0.0020338474958057303,0,0.6347524058514007,available
wa-test-000381,0,0.0017944708054006024,0,0.6347524058514007,available
wa-test-000382,0,0.0018317600879114086,0,0.6347524058514007,available
wa-test-000383,0,0.00414856279061596,0,0.6347524058514007,available
wa-test-000384,0,0.004369816880206015,0,0.6347524058514007,available
wa-test-000385,0,0.014571023980992552,0,0.6347524058514007,available
wa-test-000386,0,0.006079867911141178,0,0.6347524058514007,available
wa-test-000387,0,0.00017001632175618451,0,0.6347524058514007,available
wa-test-000388,0,0.0009220935487192411,0,0.6347524058514007,available
wa-test-000389,0,0.004643223172644127,0,0.6347524058514007,available
wa-test-000390,0,0.00040504643983420844,0,0.6347524058514007,available
wa-test-000391,0,0.002679799347257207,0,0.6347524058514007,available
wa-test-000392,1,0.9554358617569693,1,0.6347524058514007,available
wa-test-000393,0,0.00029216270753907035,0,0.6347524058514007,available
wa-test-000394,0,0.0012239326484143028,0,0.6347524058514007,available
wa-test-000395,0,0.9746888794497591,1,0.6347524058514007,available
wa-test-000396,0,0.0002453655134111898,0,0.6347524058514007,available
wa-test-000397,0,0.05944059749716096,0,0.6347524058514007,available
wa-test-000398,0,0.02435632486829508,0,0.6347524058514007,available
wa-test-000399,0,0.0019137219613697104,0,0.6347524058514007,available
wa-test-000400,1,0.9928278950648045,1,0.6347524058514007,available
wa-test-000401,0,0.9531123939177273,1,0.6347524058514007,available
wa-test-000402,0,0.000414605952877266,0,0.6347524058514007,available
wa-test-000403,0,0.00024483203694923794,0,0.6347524058514007,available
wa-test-000404,0,2.6967746521053465e-05,0,0.6347524058514007,available
wa-test-000405,0,0.0015707058516020492,0,0.6347524058514007,available
wa-test-000406,0,0.0032905939634056657,0,0.6347524058514007,available
wa-test-000407,1,0.23582643006286572,0,0.6347524058514007,available
wa-test-000408,0,0.0009128948582974921,0,0.6347524058514007,available
wa-test-000409,0,0.0020252903946098985,0,0.6347524058514007,available
wa-test-000410,0,0.0005058278447527135,0,0.6347524058514007,available
wa-test-000411,0,0.0010486917629478104,0,0.6347524058514007,available
wa-test-000412,0,0.000563383756126265,0,0.6347524058514007,available
wa-test-000413,0,0.004732356591739731,0,0.6347524058514007,available
wa-test-000414,0,0.0013416153631230516,0,0.6347524058514007,available
wa-test-000415,0,0.00014207945557308244,0,0.6347524058514007,available
wa-test-000416,0,0.03742108576415486,0,0.6347524058514007,available
wa-test-000417,0,4.956330832799611e-05,0,0.6347524058514007,available
wa-test-000418,0,0.012795539021524189,0,0.6347524058514007,available
wa-test-000419,0,0.003756649777890896,0,0.6347524058514007,available
wa-test-000420,1,0.955862515065255,1,0.6347524058514007,available
wa-test-000421,0,0.0002586709448597295,0,0.6347524058514007,available
wa-test-000422,1,0.9890849117138626,1,0.6347524058514007,available
wa-test-000423,0,0.001580282444284069,0,0.6347524058514007,available
wa-test-000424,1,0.8543604249269895,1,0.6347524058514007,available
wa-test-000425,0,0.0008818221144532568,0,0.6347524058514007,available
wa-test-000426,0,0.0017344166419229492,0,0.6347524058514007,available
wa-test-000427,0,6.823039718728842e-05,0,0.6347524058514007,available
wa-test-000428,0,0.0004526605222628297,0,0.6347524058514007,available
wa-test-000429,1,0.5403550974767782,0,0.6347524058514007,available
wa-test-000430,0,0.00011633496005719106,0,0.6347524058514007,available
wa-test-000431,0,0.0021255820517518415,0,0.6347524058514007,available
wa-test-000432,1,0.8167042316031724,1,0.6347524058514007,available
wa-test-000433,0,0.0010592768330953048,0,0.6347524058514007,available
wa-test-000434,0,0.0005766278233011039,0,0.6347524058514007,available
wa-test-000435,0,0.0009765786710739554,0,0.6347524058514007,available
wa-test-000436,0,0.0006421724007637062,0,0.6347524058514007,available
wa-test-000437,0,0.00041990084499031596,0,0.6347524058514007,available
wa-test-000438,0,0.011280442100022636,0,0.6347524058514007,available
wa-test-000439,1,0.9633456224811955,1,0.6347524058514007,available
wa-test-000440,0,0.0006732357880466533,0,0.6347524058514007,available
wa-test-000441,0,0.0016234466188933191,0,0.6347524058514007,available
wa-test-000442,0,0.0034666785008422895,0,0.6347524058514007,available
wa-test-000443,0,0.004089801374501347,0,0.6347524058514007,available
wa-test-000444,1,0.758048178939423,1,0.6347524058514007,available
wa-test-000445,0,0.000651226248591913,0,0.6347524058514007,available
wa-test-000446,0,0.00032867326872361056,0,0.6347524058514007,available
wa-test-000447,0,0.0032903781988905976,0,0.6347524058514007,available
wa-test-000448,0,0.0003002332245709677,0,0.6347524058514007,available
wa-test-000449,0,0.004837774969203505,0,0.6347524058514007,available
wa-test-000450,0,0.006973256506355608,0,0.6347524058514007,available
wa-test-000451,0,0.005735386571732314,0,0.6347524058514007,available
wa-test-000452,0,0.004913242713536888,0,0.6347524058514007,available
wa-test-000453,0,0.0001522392591163597,0,0.6347524058514007,available
wa-test-000454,0,0.02189256519707519,0,0.6347524058514007,available
wa-test-000455,0,0.11889103255137431,0,0.6347524058514007,available
wa-test-000456,0,0.0013821783912641964,0,0.6347524058514007,available
wa-test-000457,0,0.0022326099560109913,0,0.6347524058514007,available
wa-test-000458,0,0.00022028353757360406,0,0.6347524058514007,available
wa-test-000459,0,0.004151857253183639,0,0.6347524058514007,available
wa-test-000460,0,0.0024636851005053633,0,0.6347524058514007,available
wa-test-000461,0,0.4487454854062194,0,0.6347524058514007,available
wa-test-000462,0,0.009195923946249322,0,0.6347524058514007,available
wa-test-000463,0,0.0017905351711841276,0,0.6347524058514007,available
wa-test-000464,1,0.9793107308772926,1,0.6347524058514007,available
wa-test-000465,0,0.003469895766739084,0,0.6347524058514007,available
wa-test-000466,0,0.002571242604817112,0,0.6347524058514007,available
wa-test-000467,1,0.9967745334311751,1,0.6347524058514007,available
wa-test-000468,0,0.00022028353757360406,0,0.6347524058514007,available
wa-test-000469,0,0.00048323863761726865,0,0.6347524058514007,available
wa-test-000470,0,0.0008869614878691048,0,0.6347524058514007,available
wa-test-000471,0,0.028606662687989996,0,0.6347524058514007,available
wa-test-000472,0,0.0019179237096372003,0,0.6347524058514007,available
wa-test-000473,0,0.04870578349425359,0,0.6347524058514007,available
wa-test-000474,0,0.00019649837078966457,0,0.6347524058514007,available
wa-test-000475,0,0.0006009569884595795,0,0.6347524058514007,available
wa-test-000476,0,0.003297166341556556,0,0.6347524058514007,available
wa-test-000477,0,0.0004072108164158368,0,0.6347524058514007,available
wa-test-000478,0,0.0005536446555542584,0,0.6347524058514007,available
wa-test-000479,0,0.0006205496950872803,0,0.6347524058514007,available
wa-test-000480,0,0.0007726749398716053,0,0.6347524058514007,available
wa-test-000481,0,0.0012329091162382522,0,0.6347524058514007,available
wa-test-000482,0,0.0009592646139200512,0,0.6347524058514007,available
wa-test-000483,1,0.9941493244410714,1,0.6347524058514007,available
wa-test-000484,0,0.0028586437981385606,0,0.6347524058514007,available
wa-test-000485,0,0.01653230234467941,0,0.6347524058514007,available
wa-test-000486,1,0.985884085086026,1,0.6347524058514007,available
wa-test-000487,0,0.0012342353237124804,0,0.6347524058514007,available
wa-test-000488,1,0.9810692857007345,1,0.6347524058514007,available
wa-test-000489,0,0.0026581054474732677,0,0.6347524058514007,available
wa-test-000490,0,0.2844658399676123,0,0.6347524058514007,available
wa-test-000491,1,0.8525606358190478,1,0.6347524058514007,available
wa-test-000492,0,0.006768339284734179,0,0.6347524058514007,available
wa-test-000493,0,0.0010529182805990717,0,0.6347524058514007,available
wa-test-000494,0,0.0003391672106020539,0,0.6347524058514007,available
wa-test-000495,0,0.0004142155148510617,0,0.6347524058514007,available
wa-test-000496,0,0.0022722851079695814,0,0.6347524058514007,available
wa-test-000497,0,0.005234048462086158,0,0.6347524058514007,available
wa-test-000498,0,0.00662873487455888,0,0.6347524058514007,available
wa-test-000499,0,0.017908217726657325,0,0.6347524058514007,available
wa-test-000500,0,0.0013821138785832033,0,0.6347524058514007,available
wa-test-000501,0,0.00011435422943965972,0,0.6347524058514007,available
wa-test-000502,0,0.0001928762738875912,0,0.6347524058514007,available
wa-test-000503,0,0.0004309970836162733,0,0.6347524058514007,available
wa-test-000504,0,7.5129336535459e-05,0,0.6347524058514007,available
wa-test-000505,0,0.38247435287791476,0,0.6347524058514007,available
wa-test-000506,0,0.00036012504637117614,0,0.6347524058514007,available
wa-test-000507,0,0.0006884637910484618,0,0.6347524058514007,available
wa-test-000508,0,0.009227968859885008,0,0.6347524058514007,available
wa-test-000509,0,0.0002164456567526417,0,0.6347524058514007,available
wa-test-000510,1,0.5042923266087501,0,0.6347524058514007,available
wa-test-000511,0,0.0008615942245003204,0,0.6347524058514007,available
wa-test-000512,0,0.0005801855263566413,0,0.6347524058514007,available
wa-test-000513,0,0.003916172086811628,0,0.6347524058514007,available
wa-test-000514,0,0.0009770054898146164,0,0.6347524058514007,available
wa-test-000515,0,0.001537871941258564,0,0.6347524058514007,available
wa-test-000516,0,0.00030307455822817003,0,0.6347524058514007,available
wa-test-000517,0,0.03762686322851121,0,0.6347524058514007,available
wa-test-000518,0,0.1398462603130131,0,0.6347524058514007,available
wa-test-000519,1,0.342719013875041,0,0.6347524058514007,available
wa-test-000520,0,0.00031219244707410813,0,0.6347524058514007,available
wa-test-000521,0,0.001482192937472744,0,0.6347524058514007,available
wa-test-000522,0,0.0015960143790639788,0,0.6347524058514007,available
wa-test-000523,0,0.0008667087717948797,0,0.6347524058514007,available
wa-test-000524,0,0.3068267921711662,0,0.6347524058514007,available
wa-test-000525,1,0.9750235295001239,1,0.6347524058514007,available
wa-test-000526,0,0.0007271229412879402,0,0.6347524058514007,available
wa-test-000527,0,2.6871484532308784e-05,0,0.6347524058514007,available
wa-test-000528,0,0.0021600494812107135,0,0.6347524058514007,available
wa-test-000529,0,0.0012999733327820242,0,0.6347524058514007,available
wa-test-000530,0,0.0013584553591294967,0,0.6347524058514007,available
wa-test-000531,0,0.0033803829470676655,0,0.6347524058514007,available
wa-test-000532,0,0.0007110955058815226,0,0.6347524058514007,available
wa-test-000533,0,0.0001617900505495877,0,0.6347524058514007,available
wa-test-000534,1,0.9815891556539842,1,0.6347524058514007,available
wa-test-000535,0,0.00048826593980371026,0,0.6347524058514007,available
wa-test-000536,0,0.0017186880509485662,0,0.6347524058514007,available
wa-test-000537,0,7.25727976494461e-05,0,0.6347524058514007,available
wa-test-000538,0,0.06240671985121822,0,0.6347524058514007,available
wa-test-000539,0,0.00018876792594055617,0,0.6347524058514007,available
wa-test-000540,0,0.9366388858820811,1,0.6347524058514007,available
wa-test-000541,0,0.0020033580031533645,0,0.6347524058514007,available
wa-test-000542,0,0.001232577597579051,0,0.6347524058514007,available
wa-test-000543,0,0.016268940798420357,0,0.6347524058514007,available
wa-test-000544,0,0.002161044935865521,0,0.6347524058514007,available
wa-test-000545,0,0.0019852583970703776,0,0.6347524058514007,available
wa-test-000546,0,0.003729048267971346,0,0.6347524058514007,available
wa-test-000547,0,0.0007737583090451205,0,0.6347524058514007,available
wa-test-000548,0,0.0006474642524378348,0,0.6347524058514007,available
wa-test-000549,0,0.03453181235320882,0,0.6347524058514007,available
wa-test-000550,0,0.00015564738929633467,0,0.6347524058514007,available
wa-test-000551,0,0.026693207142967895,0,0.6347524058514007,available
wa-test-000552,0,0.0014584400619917512,0,0.6347524058514007,available
wa-test-000553,0,0.0074503031805647265,0,0.6347524058514007,available
wa-test-000554,0,0.0003039299779882479,0,0.6347524058514007,available
wa-test-000555,0,0.0003415555256152637,0,0.6347524058514007,available
wa-test-000556,0,0.0077117214609670765,0,0.6347524058514007,available
wa-test-000557,0,0.00045312596264951427,0,0.6347524058514007,available
wa-test-000558,1,0.6332575216177981,0,0.6347524058514007,available
wa-test-000559,1,0.9947275392631262,1,0.6347524058514007,available
wa-test-000560,0,0.001030360711240122,0,0.6347524058514007,available
wa-test-000561,0,0.0006115062167191618,0,0.6347524058514007,available
wa-test-000562,0,0.00026040043894118373,0,0.6347524058514007,available
wa-test-000563,0,0.004876744032941872,0,0.6347524058514007,available
wa-test-000564,0,0.00022650598952998156,0,0.6347524058514007,available
wa-test-000565,0,0.0045516601992281296,0,0.6347524058514007,available
wa-test-000566,0,0.002672441252194822,0,0.6347524058514007,available
wa-test-000567,0,0.00035546650814652256,0,0.6347524058514007,available
wa-test-000568,0,0.002470421056707787,0,0.6347524058514007,available
wa-test-000569,0,0.0014565586238458866,0,0.6347524058514007,available
wa-test-000570,0,0.0003666312518643292,0,0.6347524058514007,available
wa-test-000571,1,0.9226052817786193,1,0.6347524058514007,available
wa-test-000572,0,0.001481801348577072,0,0.6347524058514007,available
wa-test-000573,0,0.00022170295384740986,0,0.6347524058514007,available
wa-test-000574,0,0.00946467149455673,0,0.6347524058514007,available
wa-test-000575,0,0.015929179787133173,0,0.6347524058514007,available
wa-test-000576,0,0.00028131950710959285,0,0.6347524058514007,available
wa-test-000577,0,0.00017144151112420062,0,0.6347524058514007,available
wa-test-000578,0,0.0004267550781602153,0,0.6347524058514007,available
wa-test-000579,0,0.5750325772070429,0,0.6347524058514007,available
wa-test-000580,0,0.00021687207747097834,0,0.6347524058514007,available
wa-test-000581,1,0.37557922008015404,0,0.6347524058514007,available
wa-test-000582,0,0.34064243168157055,0,0.6347524058514007,available
wa-test-000583,1,0.26578239361846756,0,0.6347524058514007,available
wa-test-000584,0,0.014516215142293223,0,0.6347524058514007,available
wa-test-000585,0,0.0007017953374104056,0,0.6347524058514007,available
wa-test-000586,0,0.001106656155639789,0,0.6347524058514007,available
wa-test-000587,0,0.0018879940084529148,0,0.6347524058514007,available
wa-test-000588,0,0.00028039052064361854,0,0.6347524058514007,available
wa-test-000589,1,0.9929169124275579,1,0.6347524058514007,available
wa-test-000590,0,0.0021749636617402614,0,0.6347524058514007,available
wa-test-000591,0,0.013373926162074942,0,0.6347524058514007,available
wa-test-000592,1,0.00022395171996140013,0,0.6347524058514007,available
wa-test-000593,0,0.029275496549652495,0,0.6347524058514007,available
wa-test-000594,0,0.0006141920207129655,0,0.6347524058514007,available
wa-test-000595,0,0.00015574071628425987,0,0.6347524058514007,available
wa-test-000596,0,0.0003605720502800671,0,0.6347524058514007,available
wa-test-000597,0,0.0024920054774804604,0,0.6347524058514007,available
wa-test-000598,0,0.00044594712561256167,0,0.6347524058514007,available
wa-test-000599,0,0.0004962837359298735,0,0.6347524058514007,available
wa-test-000600,0,0.19161001194518776,0,0.6347524058514007,available
wa-test-000601,1,0.9704806605033451,1,0.6347524058514007,available
wa-test-000602,0,0.0076097499589593024,0,0.6347524058514007,available
wa-test-000603,0,0.02820240023927619,0,0.6347524058514007,available
wa-test-000604,0,0.002661587641654467,0,0.6347524058514007,available
wa-test-000605,0,0.00045738363532646386,0,0.6347524058514007,available
wa-test-000606,0,0.0041921870410457866,0,0.6347524058514007,available
wa-test-000607,0,0.0029888247729795495,0,0.6347524058514007,available
wa-test-000608,1,0.9959694262290169,1,0.6347524058514007,available
wa-test-000609,0,0.007679818768419135,0,0.6347524058514007,available
wa-test-000610,0,0.0038860218217370685,0,0.6347524058514007,available
wa-test-000611,0,0.7016811721393087,1,0.6347524058514007,available
wa-test-000612,1,0.08886272386926543,0,0.6347524058514007,available
wa-test-000613,0,0.021409561112697074,0,0.6347524058514007,available
wa-test-000614,0,0.0112537161155682,0,0.6347524058514007,available
wa-test-000615,0,0.000441260951617996,0,0.6347524058514007,available
wa-test-000616,0,0.026358780083404552,0,0.6347524058514007,available
wa-test-000617,0,0.0010547507811204597,0,0.6347524058514007,available
wa-test-000618,0,0.00022880198142684742,0,0.6347524058514007,available
wa-test-000619,0,0.08869939167758083,0,0.6347524058514007,available
wa-test-000620,0,0.0013588338002292677,0,0.6347524058514007,available
wa-test-000621,0,0.00012801430097781507,0,0.6347524058514007,available
wa-test-000622,0,0.0003954918949679668,0,0.6347524058514007,available
wa-test-000623,0,0.03175000354289458,0,0.6347524058514007,available
wa-test-000624,0,0.0006796786887122356,0,0.6347524058514007,available
wa-test-000625,0,0.001376554802761762,0,0.6347524058514007,available
wa-test-000626,0,0.002059683111667293,0,0.6347524058514007,available
wa-test-000627,0,0.0005828990577884662,0,0.6347524058514007,available
wa-test-000628,0,0.00026782547795734993,0,0.6347524058514007,available
wa-test-000629,0,0.00013782427176210012,0,0.6347524058514007,available
wa-test-000630,0,0.0005004574394028437,0,0.6347524058514007,available
wa-test-000631,0,0.004262706924535774,0,0.6347524058514007,available
wa-test-000632,1,0.9751668652930361,1,0.6347524058514007,available
wa-test-000633,0,0.00011003184347466696,0,0.6347524058514007,available
wa-test-000634,0,0.0003714918118014081,0,0.6347524058514007,available
wa-test-000635,0,0.007664871594023804,0,0.6347524058514007,available
wa-test-000636,0,0.0019311149210698743,0,0.6347524058514007,available
wa-test-000637,0,0.1386157398551735,0,0.6347524058514007,available
wa-test-000638,0,0.0015085194555283826,0,0.6347524058514007,available
wa-test-000639,0,0.001421953384195264,0,0.6347524058514007,available
wa-test-000640,0,0.0007222234640242106,0,0.6347524058514007,available
wa-test-000641,1,0.9893069885842279,1,0.6347524058514007,available
wa-test-000642,0,0.0010259844790314072,0,0.6347524058514007,available
wa-test-000643,0,0.01839477551301163,0,0.6347524058514007,available
wa-test-000644,0,0.005033696348503372,0,0.6347524058514007,available
wa-test-000645,0,0.00021947515072469166,0,0.6347524058514007,available
wa-test-000646,0,0.0016500871486730539,0,0.6347524058514007,available
wa-test-000647,0,0.018536940781772166,0,0.6347524058514007,available
wa-test-000648,0,0.0009634931929047243,0,0.6347524058514007,available
wa-test-000649,0,0.0010733704344776877,0,0.6347524058514007,available
wa-test-000650,1,0.005143638304381306,0,0.6347524058514007,available
wa-test-000651,0,0.00026227474433033343,0,0.6347524058514007,available
wa-test-000652,0,0.007852869769489413,0,0.6347524058514007,available
wa-test-000653,0,0.0009996209278773322,0,0.6347524058514007,available
wa-test-000654,0,9.812711201418016e-05,0,0.6347524058514007,available
wa-test-000655,1,0.9938524648408666,1,0.6347524058514007,available
wa-test-000656,0,0.0058449010935341765,0,0.6347524058514007,available
wa-test-000657,1,0.9984534035411653,1,0.6347524058514007,available
wa-test-000658,0,0.0018603395371613947,0,0.6347524058514007,available
wa-test-000659,0,0.0007369762173763138,0,0.6347524058514007,available
wa-test-000660,0,0.0038292983338077146,0,0.6347524058514007,available
wa-test-000661,0,0.0010294554426693067,0,0.6347524058514007,available
wa-test-000662,0,0.0004198724844654293,0,0.6347524058514007,available
wa-test-000663,0,0.01682624144524485,0,0.6347524058514007,available
wa-test-000664,1,0.9867233694096837,1,0.6347524058514007,available
wa-test-000665,0,0.00021127738636739565,0,0.6347524058514007,available
wa-test-000666,0,0.0016968834168650223,0,0.6347524058514007,available
wa-test-000667,0,0.002136173853780925,0,0.6347524058514007,available
wa-test-000668,0,0.0008146145616077426,0,0.6347524058514007,available
wa-test-000669,0,0.0012965822893597821,0,0.6347524058514007,available
wa-test-000670,0,0.0003950905921057653,0,0.6347524058514007,available
wa-test-000671,0,0.0014041264830154255,0,0.6347524058514007,available
wa-test-000672,0,0.007937574369425828,0,0.6347524058514007,available
wa-test-000673,0,0.002718926619173549,0,0.6347524058514007,available
wa-test-000674,0,0.0005987770207762917,0,0.6347524058514007,available
wa-test-000675,0,0.00045073789310609385,0,0.6347524058514007,available
wa-test-000676,0,0.0033125426647201,0,0.6347524058514007,available
wa-test-000677,0,0.0003158173327306392,0,0.6347524058514007,available
wa-test-000678,1,0.9312919106911,1,0.6347524058514007,available
wa-test-000679,0,0.029214387478263597,0,0.6347524058514007,available
wa-test-000680,0,0.0002477607579371767,0,0.6347524058514007,available
wa-test-000681,0,0.0002736849066640958,0,0.6347524058514007,available
wa-test-000682,0,0.000710403023109164,0,0.6347524058514007,available
wa-test-000683,0,0.013517989647801232,0,0.6347524058514007,available
wa-test-000684,0,0.0005905751295658741,0,0.6347524058514007,available
wa-test-000685,0,0.0025730951427912607,0,0.6347524058514007,available
wa-test-000686,0,0.0031582183115769586,0,0.6347524058514007,available
wa-test-000687,0,0.001203110669422452,0,0.6347524058514007,available
wa-test-000688,0,0.01579060252022613,0,0.6347524058514007,available
wa-test-000689,0,0.0011754154664724461,0,0.6347524058514007,available
wa-test-000690,0,0.0010053697414918992,0,0.6347524058514007,available
wa-test-000691,0,0.0010221032935285625,0,0.6347524058514007,available
wa-test-000692,0,0.003583430268482017,0,0.6347524058514007,available
wa-test-000693,0,0.04614628007189981,0,0.6347524058514007,available
wa-test-000694,0,0.008379238784509909,0,0.6347524058514007,available
wa-test-000695,0,0.1321613726281807,0,0.6347524058514007,available
wa-test-000696,1,0.9894070165295217,1,0.6347524058514007,available
wa-test-000697,0,0.00020645304119864375,0,0.6347524058514007,available
wa-test-000698,0,0.0007481247737206578,0,0.6347524058514007,available
wa-test-000699,0,0.0002691381748518363,0,0.6347524058514007,available
wa-test-000700,1,0.941365295859008,1,0.6347524058514007,available
wa-test-000701,1,0.9864709215550724,1,0.6347524058514007,available
wa-test-000702,0,0.16310299033567852,0,0.6347524058514007,available
wa-test-000703,0,0.0002556158280861179,0,0.6347524058514007,available
wa-test-000704,0,0.0011776786043823579,0,0.6347524058514007,available
wa-test-000705,0,0.0004988297588557314,0,0.6347524058514007,available
wa-test-000706,0,0.00037128345501056105,0,0.6347524058514007,available
wa-test-000707,0,0.0013742219295267179,0,0.6347524058514007,available
wa-test-000708,0,0.016110103473772962,0,0.6347524058514007,available
wa-test-000709,0,0.00039422229751674915,0,0.6347524058514007,available
wa-test-000710,0,0.00017614116529726504,0,0.6347524058514007,available
wa-test-000711,0,0.01325595188117773,0,0.6347524058514007,available
wa-test-000712,0,0.003005410885292102,0,0.6347524058514007,available
wa-test-000713,0,0.0011330754490327,0,0.6347524058514007,available
wa-test-000714,0,0.0008671139559575242,0,0.6347524058514007,available
wa-test-000715,0,0.00323583233588159,0,0.6347524058514007,available
wa-test-000716,0,0.0009401544779820522,0,0.6347524058514007,available
wa-test-000717,0,0.07487721753255613,0,0.6347524058514007,available
wa-test-000718,0,0.005574746545651105,0,0.6347524058514007,available
wa-test-000719,1,0.9245954474883867,1,0.6347524058514007,available
wa-test-000720,0,0.0007810397895398407,0,0.6347524058514007,available
wa-test-000721,0,0.0016922347352800809,0,0.6347524058514007,available
wa-test-000722,0,0.0013931574877592329,0,0.6347524058514007,available
wa-test-000723,0,0.00012791885276526685,0,0.6347524058514007,available
wa-test-000724,0,0.00939927432921168,0,0.6347524058514007,available
wa-test-000725,0,0.0004882101425200395,0,0.6347524058514007,available
wa-test-000726,0,0.0014840740042751997,0,0.6347524058514007,available
wa-test-000727,0,0.0002517178371294892,0,0.6347524058514007,available
wa-test-000728,0,0.005360097817194751,0,0.6347524058514007,available
wa-test-000729,1,0.9924241148872841,1,0.6347524058514007,available
wa-test-000730,0,0.0012064335782172022,0,0.6347524058514007,available
wa-test-000731,0,0.043493032712239484,0,0.6347524058514007,available
wa-test-000732,1,0.9480608751354783,1,0.6347524058514007,available
wa-test-000733,0,0.02196431612492098,0,0.6347524058514007,available
wa-test-000734,0,0.0027436288563485456,0,0.6347524058514007,available
wa-test-000735,0,0.0009678781896515625,0,0.6347524058514007,available
wa-test-000736,0,0.003937576537376314,0,0.6347524058514007,available
wa-test-000737,0,0.0009571201440501689,0,0.6347524058514007,available
wa-test-000738,1,0.4383807375461731,0,0.6347524058514007,available
wa-test-000739,0,0.0018593288925175524,0,0.6347524058514007,available
wa-test-000740,0,0.0008186684128431718,0,0.6347524058514007,available
wa-test-000741,0,0.0009583244102017878,0,0.6347524058514007,available
wa-test-000742,0,0.00018944713190861495,0,0.6347524058514007,available
wa-test-000743,0,0.00043756954362731895,0,0.6347524058514007,available
wa-test-000744,0,0.014190072333764353,0,0.6347524058514007,available
wa-test-000745,0,0.6237081138738698,0,0.6347524058514007,available
wa-test-000746,0,0.001730489840983492,0,0.6347524058514007,available
wa-test-000747,0,0.0010460694446545152,0,0.6347524058514007,available
wa-test-000748,0,0.00020805997934978543,0,0.6347524058514007,available
wa-test-000749,0,0.0002672116845559735,0,0.6347524058514007,available
wa-test-000750,0,0.00015612920345735944,0,0.6347524058514007,available
wa-test-000751,0,0.0003299027772994522,0,0.6347524058514007,available
wa-test-000752,0,0.000644741647149965,0,0.6347524058514007,available
wa-test-000753,0,0.0013033482997832156,0,0.6347524058514007,available
wa-test-000754,0,0.0003136923444785595,0,0.6347524058514007,available
wa-test-000755,0,0.001180591348912818,0,0.6347524058514007,available
wa-test-000756,0,0.0014960279564387319,0,0.6347524058514007,available
wa-test-000757,0,0.00029748704886053295,0,0.6347524058514007,available
wa-test-000758,0,0.01487562659788157,0,0.6347524058514007,available
wa-test-000759,0,0.010213619738862369,0,0.6347524058514007,available
wa-test-000760,1,0.9967597210576895,1,0.6347524058514007,available
wa-test-000761,0,0.0001364637266047105,0,0.6347524058514007,available
wa-test-000762,0,0.2967001177322024,0,0.6347524058514007,available
wa-test-000763,0,0.000427205457466505,0,0.6347524058514007,available
wa-test-000764,0,0.00010338438347835882,0,0.6347524058514007,available
wa-test-000765,0,0.003052691802785113,0,0.6347524058514007,available
wa-test-000766,0,0.31333134086529296,0,0.6347524058514007,available
wa-test-000767,0,0.00020429577382657702,0,0.6347524058514007,available
wa-test-000768,0,0.00986348288690022,0,0.6347524058514007,available
wa-test-000769,0,0.0018941292543335272,0,0.6347524058514007,available
wa-test-000770,0,0.09448918267655565,0,0.6347524058514007,available
wa-test-000771,0,0.00021973917721062008,0,0.6347524058514007,available
wa-test-000772,0,0.003235402849184276,0,0.6347524058514007,available
wa-test-000773,1,0.9847363813761209,1,0.6347524058514007,available
wa-test-000774,0,0.0028552079437991515,0,0.6347524058514007,available
wa-test-000775,0,0.0008057520542941827,0,0.6347524058514007,available
wa-test-000776,0,0.15047472106203386,0,0.6347524058514007,available
wa-test-000777,0,0.00032490858602365473,0,0.6347524058514007,available
wa-test-000778,0,0.0015102291021178871,0,0.6347524058514007,available
wa-test-000779,0,0.02581740993696468,0,0.6347524058514007,available
wa-test-000780,0,0.09052578179625656,0,0.6347524058514007,available
wa-test-000781,0,0.0005814914948771335,0,0.6347524058514007,available
wa-test-000782,0,0.006956115763191721,0,0.6347524058514007,available
wa-test-000783,1,0.9921620383598054,1,0.6347524058514007,available
wa-test-000784,0,0.0033913712057039957,0,0.6347524058514007,available
wa-test-000785,0,0.004697644123319198,0,0.6347524058514007,available
wa-test-000786,0,0.0005317809401847427,0,0.6347524058514007,available
wa-test-000787,0,0.00045381523294358954,0,0.6347524058514007,available
wa-test-000788,0,0.0002577340915303938,0,0.6347524058514007,available
wa-test-000789,0,0.014857365183796056,0,0.6347524058514007,available
wa-test-000790,0,0.012930472576671374,0,0.6347524058514007,available
wa-test-000791,0,0.0014332310945386415,0,0.6347524058514007,available
wa-test-000792,0,0.008347654661155371,0,0.6347524058514007,available
wa-test-000793,0,0.00050444117783011,0,0.6347524058514007,available
wa-test-000794,0,0.0009429011337472797,0,0.6347524058514007,available
wa-test-000795,1,0.0028622486991155315,0,0.6347524058514007,available
wa-test-000796,0,0.00031834538419093806,0,0.6347524058514007,available
wa-test-000797,0,0.039068413915662986,0,0.6347524058514007,available
wa-test-000798,0,0.0015109778931654526,0,0.6347524058514007,available
wa-test-000799,0,0.0005292662449498302,0,0.6347524058514007,available
wa-test-000800,0,0.00267139875899505,0,0.6347524058514007,available
wa-test-000801,0,0.024272847840216782,0,0.6347524058514007,available
wa-test-000802,0,0.0015223455024811986,0,0.6347524058514007,available
wa-test-000803,1,0.9990532501080112,1,0.6347524058514007,available
wa-test-000804,0,0.0005523400457817556,0,0.6347524058514007,available
wa-test-000805,1,0.9556283971388314,1,0.6347524058514007,available
wa-test-000806,0,0.0012617744480118496,0,0.6347524058514007,available
wa-test-000807,0,0.021561777434358807,0,0.6347524058514007,available
wa-test-000808,0,0.5318389341195253,0,0.6347524058514007,available
wa-test-000809,0,0.003708587471666967,0,0.6347524058514007,available
wa-test-000810,0,0.0002477319000020518,0,0.6347524058514007,available
wa-test-000811,0,0.0008913694040416908,0,0.6347524058514007,available
wa-test-000812,0,0.0454864463221004,0,0.6347524058514007,available
wa-test-000813,0,0.000996887177179339,0,0.6347524058514007,available
wa-test-000814,1,0.7651936458863083,1,0.6347524058514007,available
wa-test-000815,0,0.002714607612125108,0,0.6347524058514007,available
wa-test-000816,1,0.9951750067447863,1,0.6347524058514007,available
wa-test-000817,0,0.0019788726729283203,0,0.6347524058514007,available
wa-test-000818,0,0.0016854405424310767,0,0.6347524058514007,available
wa-test-000819,0,0.02426295032827727,0,0.6347524058514007,available
wa-test-000820,0,0.0023380719504003974,0,0.6347524058514007,available
wa-test-000821,0,0.00028638179553110474,0,0.6347524058514007,available
wa-test-000822,0,0.0011560033714781272,0,0.6347524058514007,available
wa-test-000823,0,0.12370732359904749,0,0.6347524058514007,available
wa-test-000824,0,0.0026612601246468496,0,0.6347524058514007,available
wa-test-000825,0,0.0022456238958626588,0,0.6347524058514007,available
wa-test-000826,0,0.00022591671190273197,0,0.6347524058514007,available
wa-test-000827,0,0.014587312576030334,0,0.6347524058514007,available
wa-test-000828,0,0.00027451841043717764,0,0.6347524058514007,available
wa-test-000829,0,0.014838010904835067,0,0.6347524058514007,available
wa-test-000830,0,0.0006009569884595795,0,0.6347524058514007,available
wa-test-000831,0,0.00044820421186307966,0,0.6347524058514007,available
wa-test-000832,0,0.0005806836676512565,0,0.6347524058514007,available
wa-test-000833,0,0.008026043051462699,0,0.6347524058514007,available
wa-test-000834,0,0.006238835433686412,0,0.6347524058514007,available
wa-test-000835,0,0.0017609280490948596,0,0.6347524058514007,available
wa-test-000836,0,0.0008729351261078219,0,0.6347524058514007,available
wa-test-000837,1,0.9859654586122061,1,0.6347524058514007,available
wa-test-000838,0,0.00509273489592894,0,0.6347524058514007,available
wa-test-000839,0,0.0014583334184176836,0,0.6347524058514007,available
wa-test-000840,0,0.0006208775577549407,0,0.6347524058514007,available
wa-test-000841,0,0.004054787088111828,0,0.6347524058514007,available
wa-test-000842,1,0.9921137744652586,1,0.6347524058514007,available
wa-test-000843,0,0.0001658087826343863,0,0.6347524058514007,available
wa-test-000844,0,0.000414646022465033,0,0.6347524058514007,available
wa-test-000845,0,0.0008361114679819547,0,0.6347524058514007,available
wa-test-000846,0,0.0005218405657187404,0,0.6347524058514007,available
wa-test-000847,0,6.493469049491065e-05,0,0.6347524058514007,available
wa-test-000848,0,0.0013351418248116597,0,0.6347524058514007,available
wa-test-000849,1,0.9988480137052433,1,0.6347524058514007,available
wa-test-000850,0,0.2362079999708326,0,0.6347524058514007,available
wa-test-000851,0,0.09751372240426158,0,0.6347524058514007,available
wa-test-000852,0,0.0002958269557861787,0,0.6347524058514007,available
wa-test-000853,0,0.002323230812614912,0,0.6347524058514007,available
wa-test-000854,0,0.0018048365685307262,0,0.6347524058514007,available
wa-test-000855,0,0.0025429494050310396,0,0.6347524058514007,available
wa-test-000856,0,0.056575680473143604,0,0.6347524058514007,available
wa-test-000857,0,5.4765363087911294e-05,0,0.6347524058514007,available
wa-test-000858,0,0.00016606843608197328,0,0.6347524058514007,available
wa-test-000859,1,0.9967290103652978,1,0.6347524058514007,available
wa-test-000860,0,0.00276305782289261,0,0.6347524058514007,available
wa-test-000861,0,0.001072874941585254,0,0.6347524058514007,available
wa-test-000862,0,0.0007813837951396908,0,0.6347524058514007,available
wa-test-000863,0,0.002187721636130488,0,0.6347524058514007,available
wa-test-000864,0,0.005750555103620266,0,0.6347524058514007,available
wa-test-000865,0,0.0006385304816244242,0,0.6347524058514007,available
wa-test-000866,0,0.02146006881000549,0,0.6347524058514007,available
wa-test-000867,0,0.0069127916250800924,0,0.6347524058514007,available
wa-test-000868,0,0.08116982206785642,0,0.6347524058514007,available
wa-test-000869,0,0.0005228346577189119,0,0.6347524058514007,available
wa-test-000870,0,8.190869765225118e-05,0,0.6347524058514007,available
wa-test-000871,0,0.0007451580553289189,0,0.6347524058514007,available
wa-test-000872,0,0.17346280775050074,0,0.6347524058514007,available
wa-test-000873,0,0.0004314204261718757,0,0.6347524058514007,available
wa-test-000874,1,0.9924611726642644,1,0.6347524058514007,available
wa-test-000875,0,0.0006635862088577607,0,0.6347524058514007,available
wa-test-000876,0,0.0004770369131802072,0,0.6347524058514007,available
wa-test-000877,0,0.00036352824875934944,0,0.6347524058514007,available
wa-test-000878,1,0.9888094429512216,1,0.6347524058514007,available
wa-test-000879,0,0.0002964171976625444,0,0.6347524058514007,available
wa-test-000880,0,0.0005006870085770466,0,0.6347524058514007,available
wa-test-000881,0,0.003463984900751639,0,0.6347524058514007,available
wa-test-000882,0,0.00022650598952998156,0,0.6347524058514007,available
wa-test-000883,0,0.0006119536167569083,0,0.6347524058514007,available
wa-test-000884,1,0.8547205763692114,1,0.6347524058514007,available
wa-test-000885,1,0.984551689721324,1,0.6347524058514007,available
wa-test-000886,0,0.0017074478288580687,0,0.6347524058514007,available
wa-test-000887,0,0.0004000679445795968,0,0.6347524058514007,available
wa-test-000888,0,0.0002139966163506998,0,0.6347524058514007,available
wa-test-000889,0,0.005089101046559915,0,0.6347524058514007,available
wa-test-000890,0,0.0037386881451719795,0,0.6347524058514007,available
wa-test-000891,0,0.007135166645376813,0,0.6347524058514007,available
wa-test-000892,0,0.0007585463672233184,0,0.6347524058514007,available
wa-test-000893,0,0.013562953316098216,0,0.6347524058514007,available
wa-test-000894,0,0.0007589066253148692,0,0.6347524058514007,available
wa-test-000895,0,0.0003036619293573683,0,0.6347524058514007,available
wa-test-000896,0,7.867825324058406e-05,0,0.6347524058514007,available
wa-test-000897,0,0.008236624115239583,0,0.6347524058514007,available
wa-test-000898,0,0.0003139740885661764,0,0.6347524058514007,available
wa-test-000899,0,0.0025180113224503686,0,0.6347524058514007,available
wa-test-000900,0,0.0075742870909181635,0,0.6347524058514007,available
wa-test-000901,0,0.0003659807450641365,0,0.6347524058514007,available
wa-test-000902,0,0.002478035925424485,0,0.6347524058514007,available
wa-test-000903,0,0.00034747322513273743,0,0.6347524058514007,available
wa-test-000904,0,0.003327057280525232,0,0.6347524058514007,available
wa-test-000905,0,0.00022142717023249355,0,0.6347524058514007,available
wa-test-000906,0,0.0076478853002248,0,0.6347524058514007,available
wa-test-000907,0,0.000593968664366155,0,0.6347524058514007,available
wa-test-000908,0,0.00197160427681905,0,0.6347524058514007,available
wa-test-000909,0,0.0019603502024444493,0,0.6347524058514007,available
wa-test-000910,0,8.71794502625488e-05,0,0.6347524058514007,available
wa-test-000911,0,0.068674559601981,0,0.6347524058514007,available
wa-test-000912,1,0.9746276871894867,1,0.6347524058514007,available
wa-test-000913,1,0.9968838823949618,1,0.6347524058514007,available
wa-test-000914,0,0.0009036671906540178,0,0.6347524058514007,available
wa-test-000915,0,0.005076888736288396,0,0.6347524058514007,available
wa-test-000916,0,0.004481035445887925,0,0.6347524058514007,available
wa-test-000917,0,7.835892881501505e-05,0,0.6347524058514007,available
wa-test-000918,0,0.0011246181538194626,0,0.6347524058514007,available
wa-test-000919,0,0.00014018030675593438,0,0.6347524058514007,available
wa-test-000920,0,0.024535904332851147,0,0.6347524058514007,available
wa-test-000921,0,0.0007205318140895441,0,0.6347524058514007,available
wa-test-000922,0,0.00045470124735622866,0,0.6347524058514007,available
wa-test-000923,0,0.000745656945985922,0,0.6347524058514007,available
wa-test-000924,0,0.01516653314668183,0,0.6347524058514007,available
wa-test-000925,0,0.003717850863581822,0,0.6347524058514007,available
wa-test-000926,0,0.001019738447484799,0,0.6347524058514007,available
wa-test-000927,0,0.001154783305658656,0,0.6347524058514007,available
wa-test-000928,0,0.04431690546425711,0,0.6347524058514007,available
wa-test-000929,0,0.0014936678863601556,0,0.6347524058514007,available
wa-test-000930,0,9.729970120471223e-05,0,0.6347524058514007,available
wa-test-000931,0,0.004070836574326822,0,0.6347524058514007,available
wa-test-000932,0,0.004677879256379194,0,0.6347524058514007,available
wa-test-000933,1,0.9694396063096858,1,0.6347524058514007,available
wa-test-000934,0,0.0006007547921805776,0,0.6347524058514007,available
wa-test-000935,0,0.0004324806923759657,0,0.6347524058514007,available
wa-test-000936,0,0.00017012690640034624,0,0.6347524058514007,available
wa-test-000937,0,0.0009439573098126796,0,0.6347524058514007,available
wa-test-000938,0,0.00047392535631355417,0,0.6347524058514007,available
wa-test-000939,0,0.0001034216669496881,0,0.6347524058514007,available
wa-test-000940,0,0.0004462923021131755,0,0.6347524058514007,available
wa-test-000941,0,0.0011809348732999172,0,0.6347524058514007,available
wa-test-000942,0,0.00014553842263693688,0,0.6347524058514007,available
wa-test-000943,0,0.00011435422943965972,0,0.6347524058514007,available
wa-test-000944,0,0.00014565443719467412,0,0.6347524058514007,available
wa-test-000945,0,0.0003425054424890207,0,0.6347524058514007,available
wa-test-000946,0,0.0035606495260854056,0,0.6347524058514007,available
wa-test-000947,0,0.0023019117736974657,0,0.6347524058514007,available
wa-test-000948,0,0.0022913126538942935,0,0.6347524058514007,available
wa-test-000949,0,9.60686215043991e-05,0,0.6347524058514007,available
wa-test-000950,0,9.179315628877171e-05,0,0.6347524058514007,available
wa-test-000951,0,0.0005544927912757462,0,0.6347524058514007,available
wa-test-000952,0,0.011967544756566473,0,0.6347524058514007,available
wa-test-000953,0,0.005455625952552245,0,0.6347524058514007,available
wa-test-000954,0,0.0026127428375646933,0,0.6347524058514007,available
wa-test-000955,0,0.0011430217567366947,0,0.6347524058514007,available
wa-test-000956,0,0.001281763970948607,0,0.6347524058514007,available
wa-test-000957,0,0.0005555868190796189,0,0.6347524058514007,available
wa-test-000958,0,0.0007726749398716053,0,0.6347524058514007,available
wa-test-000959,0,0.0003855112329870933,0,0.6347524058514007,available
wa-test-000960,0,0.0003431431013508671,0,0.6347524058514007,available
wa-test-000961,0,0.019027163803277704,0,0.6347524058514007,available
wa-test-000962,0,0.0005958362516598134,0,0.6347524058514007,available
wa-test-000963,0,0.00037650091405602503,0,0.6347524058514007,available
wa-test-000964,0,0.0003808037950849111,0,0.6347524058514007,available
wa-test-000965,1,0.04118179917863659,0,0.6347524058514007,available
wa-test-000966,0,0.0008552148444817666,0,0.6347524058514007,available
wa-test-000967,0,2.3151330669287205e-05,0,0.6347524058514007,available
wa-test-000968,0,0.0004382680172331422,0,0.6347524058514007,available
wa-test-000969,0,0.10824035284116519,0,0.6347524058514007,available
wa-test-000970,0,0.0016796373777691342,0,0.6347524058514007,available
wa-test-000971,0,0.0010245788479004102,0,0.6347524058514007,available
wa-test-000972,0,0.0033503450648044984,0,0.6347524058514007,available
wa-test-000973,0,0.0015690499722648648,0,0.6347524058514007,available
wa-test-000974,0,0.004548358430285894,0,0.6347524058514007,available
wa-test-000975,0,0.01079025987692692,0,0.6347524058514007,available
wa-test-000976,0,0.0005810202353333189,0,0.6347524058514007,available
wa-test-000977,0,0.00020130213782856797,0,0.6347524058514007,available
wa-test-000978,1,0.9720310362196183,1,0.6347524058514007,available
wa-test-000979,0,0.0031285274679430713,0,0.6347524058514007,available
wa-test-000980,0,0.0004305741086744261,0,0.6347524058514007,available
wa-test-000981,0,0.39760357224003134,0,0.6347524058514007,available
wa-test-000982,0,0.0003360355390686687,0,0.6347524058514007,available
wa-test-000983,1,0.9969557775801919,1,0.6347524058514007,available
wa-test-000984,1,0.03364415166266714,0,0.6347524058514007,available
wa-test-000985,0,0.0014608096175348386,0,0.6347524058514007,available
wa-test-000986,0,0.018454239443361175,0,0.6347524058514007,available
wa-test-000987,1,0.9945802833780835,1,0.6347524058514007,available
wa-test-000988,0,0.03472475016307746,0,0.6347524058514007,available
wa-test-000989,1,0.9962036821265381,1,0.6347524058514007,available
wa-test-000990,0,0.002531510148674469,0,0.6347524058514007,available
wa-test-000991,0,0.0028466297179826484,0,0.6347524058514007,available
wa-test-000992,0,0.002478848400939651,0,0.6347524058514007,available
wa-test-000993,0,0.0010472992075245937,0,0.6347524058514007,available
wa-test-000994,0,0.00036206062227608026,0,0.6347524058514007,available
wa-test-000995,0,0.009367948377286795,0,0.6347524058514007,available
wa-test-000996,0,0.0006942703206517144,0,0.6347524058514007,available
wa-test-000997,0,0.00299020878800613,0,0.6347524058514007,available
wa-test-000998,0,0.0009989802225283837,0,0.6347524058514007,available
wa-test-000999,0,0.0002462382051864571,0,0.6347524058514007,available
wa-test-001000,0,0.0003928311833805656,0,0.6347524058514007,available
wa-test-001001,0,6.495782535736158e-05,0,0.6347524058514007,available
wa-test-001002,0,0.004977533676986477,0,0.6347524058514007,available
wa-test-001003,1,0.8608947822013047,1,0.6347524058514007,available
wa-test-001004,0,0.0007853209977160553,0,0.6347524058514007,available
wa-test-001005,0,0.00017524207325730857,0,0.6347524058514007,available
wa-test-001006,0,0.012468494223673394,0,0.6347524058514007,available
wa-test-001007,0,0.0016189586150640433,0,0.6347524058514007,available
wa-test-001008,0,0.0007030027031915035,0,0.6347524058514007,available
wa-test-001009,0,0.00011858226083274925,0,0.6347524058514007,available
wa-test-001010,0,0.0006385304816244242,0,0.6347524058514007,available
wa-test-001011,0,0.000532200672419972,0,0.6347524058514007,available
wa-test-001012,0,0.014351850694138647,0,0.6347524058514007,available
wa-test-001013,0,0.00032758324397402105,0,0.6347524058514007,available
wa-test-001014,0,0.0017574955005317942,0,0.6347524058514007,available
wa-test-001015,0,0.000934739040295875,0,0.6347524058514007,available
wa-test-001016,1,0.9901083187550839,1,0.6347524058514007,available
wa-test-001017,0,0.06468800332189907,0,0.6347524058514007,available
wa-test-001018,0,0.002058462629081137,0,0.6347524058514007,available
wa-test-001019,0,0.0012689756436766266,0,0.6347524058514007,available
wa-test-001020,1,0.9903572266979672,1,0.6347524058514007,available
wa-test-001021,1,0.9973275468612893,1,0.6347524058514007,available
wa-test-001022,0,0.00045077023339029317,0,0.6347524058514007,available
wa-test-001023,0,0.0005996992681483918,0,0.6347524058514007,available
wa-test-001024,0,0.0020026316264237427,0,0.6347524058514007,available
wa-test-001025,0,0.00017246990178648237,0,0.6347524058514007,available
wa-test-001026,0,0.0006334883161044244,0,0.6347524058514007,available
wa-test-001027,0,0.0015148386948753232,0,0.6347524058514007,available
wa-test-001028,0,0.0012517119758358953,0,0.6347524058514007,available
wa-test-001029,0,0.0009554270290941883,0,0.6347524058514007,available
wa-test-001030,0,0.002295009642927361,0,0.6347524058514007,available
wa-test-001031,0,0.00040220113118389055,0,0.6347524058514007,available
wa-test-001032,0,0.00037720767146022397,0,0.6347524058514007,available
wa-test-001033,0,0.0003778247733343125,0,0.6347524058514007,available
wa-test-001034,0,0.003662541812910542,0,0.6347524058514007,available
wa-test-001035,0,0.00023994873980886442,0,0.6347524058514007,available
wa-test-001036,0,0.00022052406163055563,0,0.6347524058514007,available
wa-test-001037,0,0.0007132675866381435,0,0.6347524058514007,available
wa-test-001038,0,0.0010640661821964183,0,0.6347524058514007,available
wa-test-001039,0,0.00039813358928549074,0,0.6347524058514007,available
wa-test-001040,0,0.23305103661839452,0,0.6347524058514007,available
wa-test-001041,0,0.12639215056934416,0,0.6347524058514007,available
wa-test-001042,0,0.014541521323259825,0,0.6347524058514007,available
wa-test-001043,1,0.9955692686823726,1,0.6347524058514007,available
wa-test-001044,0,0.0011563984907806536,0,0.6347524058514007,available
wa-test-001045,0,0.005848848108639349,0,0.6347524058514007,available
wa-test-001046,1,0.7831842540113534,1,0.6347524058514007,available
wa-test-001047,0,0.00501313508861676,0,0.6347524058514007,available
wa-test-001048,0,0.005789414968621769,0,0.6347524058514007,available
wa-test-001049,0,0.01818054880175522,0,0.6347524058514007,available
wa-test-001050,0,0.902542752216823,1,0.6347524058514007,available
wa-test-001051,0,5.9799392015260586e-05,0,0.6347524058514007,available
wa-test-001052,0,0.0015633082572141987,0,0.6347524058514007,available
wa-test-001053,0,0.0006340956919560932,0,0.6347524058514007,available
wa-test-001054,0,0.0014097855458481048,0,0.6347524058514007,available
wa-test-001055,0,0.03340999440265256,0,0.6347524058514007,available
wa-test-001056,0,0.0008222831355302249,0,0.6347524058514007,available
wa-test-001057,1,0.9936036631373291,1,0.6347524058514007,available
wa-test-001058,0,0.0013869010813675733,0,0.6347524058514007,available
wa-test-001059,0,0.003852300429278592,0,0.6347524058514007,available
wa-test-001060,0,0.004765469946594661,0,0.6347524058514007,available
wa-test-001061,0,0.0006592826973650584,0,0.6347524058514007,available
wa-test-001062,0,0.0020321793361323813,0,0.6347524058514007,available
wa-test-001063,0,0.013416530972332705,0,0.6347524058514007,available
wa-test-001064,0,0.01712069100201333,0,0.6347524058514007,available
wa-test-001065,0,0.0016381661054323167,0,0.6347524058514007,available
wa-test-001066,1,0.9987056515106144,1,0.6347524058514007,available
wa-test-001067,0,0.001559713745157732,0,0.6347524058514007,available
wa-test-001068,0,0.00012972230969311206,0,0.6347524058514007,available
wa-test-001069,0,0.0017032658331968653,0,0.6347524058514007,available
wa-test-001070,0,0.00021975172260991477,0,0.6347524058514007,available
wa-test-001071,0,0.0009999850915358166,0,0.6347524058514007,available
wa-test-001072,0,0.005015381224401681,0,0.6347524058514007,available
wa-test-001073,0,0.000835783022385275,0,0.6347524058514007,available
wa-test-001074,0,0.00016874376270703052,0,0.6347524058514007,available
wa-test-001075,0,0.00018230848688834686,0,0.6347524058514007,available
wa-test-001076,0,0.00023749201042007359,0,0.6347524058514007,available
wa-test-001077,0,0.0007233064619614413,0,0.6347524058514007,available
wa-test-001078,0,0.00587378886390922,0,0.6347524058514007,available
wa-test-001079,0,0.0013146290366299277,0,0.6347524058514007,available
wa-test-001080,0,0.001309178599209325,0,0.6347524058514007,available
wa-test-001081,0,0.0011734319467192318,0,0.6347524058514007,available
wa-test-001082,0,0.001052213434881436,0,0.6347524058514007,available
wa-test-001083,0,0.00045838502680451874,0,0.6347524058514007,available
wa-test-001084,0,0.5859644445881974,0,0.6347524058514007,available
wa-test-001085,0,0.0008491392859589829,0,0.6347524058514007,available
wa-test-001086,0,0.0002470234407906601,0,0.6347524058514007,available
wa-test-001087,0,0.03226276941022407,0,0.6347524058514007,available
wa-test-001088,0,0.00024645487938453883,0,0.6347524058514007,available
wa-test-001089,0,0.0006591540785814879,0,0.6347524058514007,available
wa-test-001090,0,0.0029948402074989337,0,0.6347524058514007,available
wa-test-001091,0,0.00035253594838881205,0,0.6347524058514007,available
wa-test-001092,0,0.0011557494805101173,0,0.6347524058514007,available
wa-test-001093,0,0.0017556082491393663,0,0.6347524058514007,available
wa-test-001094,0,0.001140614963272954,0,0.6347524058514007,available
wa-test-001095,0,0.009183097198583217,0,0.6347524058514007,available
wa-test-001096,0,0.0008479950255101256,0,0.6347524058514007,available
wa-test-001097,0,0.191661856315742,0,0.6347524058514007,available
wa-test-001098,0,0.017313950462084032,0,0.6347524058514007,available
wa-test-001099,0,0.007669616218274106,0,0.6347524058514007,available
wa-test-001100,0,0.0006211262282845831,0,0.6347524058514007,available
wa-test-001101,0,0.01013115965235129,0,0.6347524058514007,available
wa-test-001102,0,0.06358716956983054,0,0.6347524058514007,available
wa-test-001103,0,0.005277842908790421,0,0.6347524058514007,available
wa-test-001104,0,0.0013869335138775715,0,0.6347524058514007,available
wa-test-001105,0,0.0016342495827869658,0,0.6347524058514007,available
wa-test-001106,0,0.00011077398987265253,0,0.6347524058514007,available
wa-test-001107,0,0.00028488529578526306,0,0.6347524058514007,available
wa-test-001108,0,0.000813113820344567,0,0.6347524058514007,available
wa-test-001109,1,0.9950648508882043,1,0.6347524058514007,available
wa-test-001110,0,0.0027414421749012052,0,0.6347524058514007,available
wa-test-001111,0,0.0023481487433166174,0,0.6347524058514007,available
wa-test-001112,0,0.0024077118524902037,0,0.6347524058514007,available
wa-test-001113,0,0.005492002996600209,0,0.6347524058514007,available
wa-test-001114,0,0.14212296359958732,0,0.6347524058514007,available
wa-test-001115,0,0.00020467183601852428,0,0.6347524058514007,available
wa-test-001116,0,0.010843141933451818,0,0.6347524058514007,available
wa-test-001117,0,0.0007215736927206718,0,0.6347524058514007,available
wa-test-001118,0,0.0022610182453478797,0,0.6347524058514007,available
wa-test-001119,0,0.0025076303622331023,0,0.6347524058514007,available
wa-test-001120,0,0.0008586636065777863,0,0.6347524058514007,available
wa-test-001121,0,0.00018367953170538606,0,0.6347524058514007,available
wa-test-001122,0,0.0003931014744877224,0,0.6347524058514007,available
wa-test-001123,0,0.010144906185955427,0,0.6347524058514007,available
wa-test-001124,0,0.07683378085484592,0,0.6347524058514007,available
wa-test-001125,0,0.0018982387283243021,0,0.6347524058514007,available
wa-test-001126,0,0.00059655695090943,0,0.6347524058514007,available
wa-test-001127,0,0.0007442223985521138,0,0.6347524058514007,available
wa-test-001128,0,0.0004847382765991364,0,0.6347524058514007,available
wa-test-001129,0,0.0003642113962803054,0,0.6347524058514007,available
wa-test-001130,0,4.172945977423388e-05,0,0.6347524058514007,available
wa-test-001131,0,0.00024515889614794566,0,0.6347524058514007,available
wa-test-001132,0,0.00015049691452668012,0,0.6347524058514007,available
wa-test-001133,0,0.0005301199808676518,0,0.6347524058514007,available
wa-test-001134,1,0.8457623570454643,1,0.6347524058514007,available
wa-test-001135,0,0.0008629897318567227,0,0.6347524058514007,available
wa-test-001136,0,0.0011398185519866729,0,0.6347524058514007,available
wa-test-001137,0,0.18818770742028046,0,0.6347524058514007,available
wa-test-001138,0,0.0009906891082449795,0,0.6347524058514007,available
wa-test-001139,0,0.0001451526465837288,0,0.6347524058514007,available
wa-test-001140,0,0.0017424026368795253,0,0.6347524058514007,available
wa-test-001141,0,0.00227648552740966,0,0.6347524058514007,available
wa-test-001142,0,0.0028482600987690047,0,0.6347524058514007,available
wa-test-001143,0,0.0017531346859671582,0,0.6347524058514007,available
wa-test-001144,0,0.01180452092810589,0,0.6347524058514007,available
wa-test-001145,1,0.994900607329394,1,0.6347524058514007,available
wa-test-001146,0,0.0013346093719669963,0,0.6347524058514007,available
wa-test-001147,0,0.0011995543521211912,0,0.6347524058514007,available
wa-test-001148,0,0.0021357197984942164,0,0.6347524058514007,available
wa-test-001149,0,0.01354122098839203,0,0.6347524058514007,available
wa-test-001150,0,0.0011712039212017071,0,0.6347524058514007,available
wa-test-001151,0,0.0003748695703891999,0,0.6347524058514007,available
wa-test-001152,0,7.002918003370317e-05,0,0.6347524058514007,available
wa-test-001153,0,0.005297359114246294,0,0.6347524058514007,available
wa-test-001154,0,0.007794194321478489,0,0.6347524058514007,available
wa-test-001155,1,0.8495731232259721,1,0.6347524058514007,available
wa-test-001156,0,0.0008043082676839192,0,0.6347524058514007,available
wa-test-001157,0,0.0007929065995755601,0,0.6347524058514007,available
wa-test-001158,1,0.5676366993207337,0,0.6347524058514007,available
wa-test-001159,0,0.004444070236616891,0,0.6347524058514007,available
wa-test-001160,1,0.9948183631742945,1,0.6347524058514007,available
wa-test-001161,1,0.9993295608026791,1,0.6347524058514007,available
wa-test-001162,0,0.0003395763349708791,0,0.6347524058514007,available
wa-test-001163,0,0.002292536452141645,0,0.6347524058514007,available
wa-test-001164,0,0.0005451636084918687,0,0.6347524058514007,available
wa-test-001165,0,0.00031619488345858217,0,0.6347524058514007,available
wa-test-001166,0,0.0014230231663527142,0,0.6347524058514007,available
wa-test-001167,0,0.0013163755870799637,0,0.6347524058514007,available
wa-test-001168,0,0.001174355960867347,0,0.6347524058514007,available
wa-test-001169,0,0.012623945357037702,0,0.6347524058514007,available
wa-test-001170,0,0.00024504248136098764,0,0.6347524058514007,available
wa-test-001171,0,0.4412773997942494,0,0.6347524058514007,available
wa-test-001172,0,0.0006126421397254273,0,0.6347524058514007,available
wa-test-001173,0,0.08798886203563858,0,0.6347524058514007,available
wa-test-001174,0,0.0065722105924986285,0,0.6347524058514007,available
wa-test-001175,1,0.9993292969850369,1,0.6347524058514007,available
wa-test-001176,0,0.00010165425914399115,0,0.6347524058514007,available
wa-test-001177,0,0.0005155945406728009,0,0.6347524058514007,available
wa-test-001178,0,0.002735771014782592,0,0.6347524058514007,available
wa-test-001179,0,0.0003909960527140398,0,0.6347524058514007,available
wa-test-001180,0,0.0011668442267958044,0,0.6347524058514007,available
wa-test-001181,0,0.09246874793356266,0,0.6347524058514007,available
wa-test-001182,0,0.010326066748066982,0,0.6347524058514007,available
wa-test-001183,1,0.9965372996606741,1,0.6347524058514007,available
wa-test-001184,1,0.9985782014466891,1,0.6347524058514007,available
wa-test-001185,0,0.00018058405545372927,0,0.6347524058514007,available
wa-test-001186,0,0.0017028017799365605,0,0.6347524058514007,available
wa-test-001187,0,0.00014474323466597927,0,0.6347524058514007,available
wa-test-001188,0,0.023780302054370605,0,0.6347524058514007,available
wa-test-001189,0,0.0010722841460187563,0,0.6347524058514007,available
wa-test-001190,0,0.0018789648315385443,0,0.6347524058514007,available
wa-test-001191,0,0.0002497380071488793,0,0.6347524058514007,available
wa-test-001192,0,0.0012952499502904087,0,0.6347524058514007,available
wa-test-001193,1,0.9707951556367829,1,0.6347524058514007,available
wa-test-001194,0,0.0006282139344400319,0,0.6347524058514007,available
wa-test-001195,0,0.0007594062556130575,0,0.6347524058514007,available
wa-test-001196,0,0.00025854756901213545,0,0.6347524058514007,available
wa-test-001197,0,3.355984973436251e-05,0,0.6347524058514007,available
wa-test-001198,0,0.00024552750578077457,0,0.6347524058514007,available
wa-test-001199,0,0.00015186124071303486,0,0.6347524058514007,available
wa-test-001200,0,0.011365823584272839,0,0.6347524058514007,available
wa-test-001201,0,0.0014303270804731563,0,0.6347524058514007,available
wa-test-001202,0,0.000635760493402952,0,0.6347524058514007,available
wa-test-001203,0,0.0003064134279759109,0,0.6347524058514007,available
wa-test-001204,0,0.0146540274569119,0,0.6347524058514007,available
wa-test-001205,0,0.0007631043054674379,0,0.6347524058514007,available
wa-test-001206,0,5.297086685241033e-05,0,0.6347524058514007,available
wa-test-001207,0,0.0007415599616541667,0,0.6347524058514007,available
wa-test-001208,0,0.0007150641328050604,0,0.6347524058514007,available
wa-test-001209,0,0.00011888622117274193,0,0.6347524058514007,available
wa-test-001210,0,0.03690237267217826,0,0.6347524058514007,available
wa-test-001211,0,0.0006163512254486483,0,0.6347524058514007,available
wa-test-001212,1,0.9726882470356051,1,0.6347524058514007,available
wa-test-001213,0,0.0011611146158165082,0,0.6347524058514007,available
wa-test-001214,0,0.0013726744244400826,0,0.6347524058514007,available
wa-test-001215,0,0.0006894808531938371,0,0.6347524058514007,available
wa-test-001216,0,0.0017535363692685415,0,0.6347524058514007,available
wa-test-001217,0,0.0012620495579535645,0,0.6347524058514007,available
wa-test-001218,0,0.0010762997429091413,0,0.6347524058514007,available
wa-test-001219,0,0.0007766349796147534,0,0.6347524058514007,available
wa-test-001220,0,0.0016010070612877119,0,0.6347524058514007,available
wa-test-001221,0,0.002184407423252346,0,0.6347524058514007,available
wa-test-001222,0,0.009215636537545781,0,0.6347524058514007,available
wa-test-001223,0,0.003414517760641849,0,0.6347524058514007,available
wa-test-001224,0,0.005123549669985351,0,0.6347524058514007,available
wa-test-001225,0,0.001039182137501356,0,0.6347524058514007,available
wa-test-001226,0,0.005944688927581058,0,0.6347524058514007,available
wa-test-001227,0,0.018751080376968134,0,0.6347524058514007,available
wa-test-001228,0,0.0013096427908976898,0,0.6347524058514007,available
wa-test-001229,0,0.00400302120345904,0,0.6347524058514007,available
wa-test-001230,0,0.01681053482346324,0,0.6347524058514007,available
wa-test-001231,1,0.9950633887653928,1,0.6347524058514007,available
wa-test-001232,0,0.0004084472166631541,0,0.6347524058514007,available
wa-test-001233,0,0.005140105232513807,0,0.6347524058514007,available
wa-test-001234,0,0.011684707547646795,0,0.6347524058514007,available
wa-test-001235,0,0.0013821138785832033,0,0.6347524058514007,available
wa-test-001236,0,0.002313743977112128,0,0.6347524058514007,available
wa-test-001237,1,0.9530624685494842,1,0.6347524058514007,available
wa-test-001238,0,0.002703637725877153,0,0.6347524058514007,available
wa-test-001239,0,0.003162175287754122,0,0.6347524058514007,available
wa-test-001240,0,0.003711418908582463,0,0.6347524058514007,available
wa-test-001241,0,0.001097184306883128,0,0.6347524058514007,available
wa-test-001242,0,0.03393241453583619,0,0.6347524058514007,available
wa-test-001243,0,6.938336187207561e-05,0,0.6347524058514007,available
wa-test-001244,0,0.00858524358807134,0,0.6347524058514007,available
wa-test-001245,0,0.002520313285620354,0,0.6347524058514007,available
wa-test-001246,0,0.0015468933977368646,0,0.6347524058514007,available
wa-test-001247,0,0.0006383792830951132,0,0.6347524058514007,available
wa-test-001248,0,0.00030960317713747053,0,0.6347524058514007,available
wa-test-001249,0,0.0027661533708209685,0,0.6347524058514007,available
wa-test-001250,0,0.005237080062136647,0,0.6347524058514007,available
wa-test-001251,0,0.0006135054598182303,0,0.6347524058514007,available
wa-test-001252,0,0.03433886311690744,0,0.6347524058514007,available
wa-test-001253,0,0.0017043453082907106,0,0.6347524058514007,available
wa-test-001254,0,0.0015790427783590264,0,0.6347524058514007,available
wa-test-001255,0,0.00017518111436003674,0,0.6347524058514007,available
wa-test-001256,1,0.9904666470864342,1,0.6347524058514007,available
wa-test-001257,0,0.014447655791972144,0,0.6347524058514007,available
wa-test-001258,0,0.00015212435530726756,0,0.6347524058514007,available
wa-test-001259,0,4.322756994755555e-05,0,0.6347524058514007,available
wa-test-001260,0,0.009972387119782378,0,0.6347524058514007,available
wa-test-001261,0,0.0012375020096608302,0,0.6347524058514007,available
wa-test-001262,0,0.0007401889665648375,0,0.6347524058514007,available
wa-test-001263,0,0.001349915892783665,0,0.6347524058514007,available
wa-test-001264,0,0.0028158659218449826,0,0.6347524058514007,available
wa-test-001265,0,0.005568870822647638,0,0.6347524058514007,available
wa-test-001266,0,0.016433058379494186,0,0.6347524058514007,available
wa-test-001267,0,0.002177434113736373,0,0.6347524058514007,available
wa-test-001268,0,0.001151913338799551,0,0.6347524058514007,available
wa-test-001269,0,0.12547086690440468,0,0.6347524058514007,available
wa-test-001270,0,0.004629066730041478,0,0.6347524058514007,available
wa-test-001271,0,0.0035927600516534462,0,0.6347524058514007,available
wa-test-001272,0,0.001456094015244935,0,0.6347524058514007,available
wa-test-001273,0,0.0005962486940846491,0,0.6347524058514007,available
wa-test-001274,0,0.00474898361764465,0,0.6347524058514007,available
wa-test-001275,0,0.033948010281034426,0,0.6347524058514007,available
wa-test-001276,0,0.002459087888673854,0,0.6347524058514007,available
wa-test-001277,1,0.9983242418619956,1,0.6347524058514007,available
wa-test-001278,0,0.00015258654001843537,0,0.6347524058514007,available
wa-test-001279,0,0.007426511377627745,0,0.6347524058514007,available
wa-test-001280,0,0.00085698218697271,0,0.6347524058514007,available
wa-test-001281,0,0.0011035409183398114,0,0.6347524058514007,available
wa-test-001282,0,0.001433733023200929,0,0.6347524058514007,available
wa-test-001283,0,0.00026483736904240484,0,0.6347524058514007,available
wa-test-001284,0,0.0017367398018751396,0,0.6347524058514007,available
wa-test-001285,0,0.00026920028596059964,0,0.6347524058514007,available
wa-test-001286,0,0.00043185905237064497,0,0.6347524058514007,available
wa-test-001287,0,0.0006479248428470927,0,0.6347524058514007,available
wa-test-001288,0,2.100585006179735e-05,0,0.6347524058514007,available
wa-test-001289,0,0.00476305851319423,0,0.6347524058514007,available
wa-test-001290,0,0.006000241730155176,0,0.6347524058514007,available
wa-test-001291,0,0.0012315094160865563,0,0.6347524058514007,available
wa-test-001292,0,0.0013737481696661996,0,0.6347524058514007,available
wa-test-001293,1,0.24648549840325792,0,0.6347524058514007,available
wa-test-001294,0,0.004462852936463753,0,0.6347524058514007,available
wa-test-001295,0,0.0007129305251585886,0,0.6347524058514007,available
wa-test-001296,0,0.02437788159471803,0,0.6347524058514007,available
wa-test-001297,1,0.9935847392995901,1,0.6347524058514007,available
wa-test-001298,0,0.013871614536555003,0,0.6347524058514007,available
wa-test-001299,0,0.0002346454142539652,0,0.6347524058514007,available
wa-test-001300,0,0.00403226129896137,0,0.6347524058514007,available
wa-test-001301,0,0.004056126142484072,0,0.6347524058514007,available
wa-test-001302,0,0.0005649788439058845,0,0.6347524058514007,available
wa-test-001303,0,0.0008820782890124808,0,0.6347524058514007,available
wa-test-001304,1,0.5664436885189151,0,0.6347524058514007,available
wa-test-001305,0,0.00033966095600423686,0,0.6347524058514007,available
wa-test-001306,0,0.0023346249764998935,0,0.6347524058514007,available
wa-test-001307,1,0.03868553294616223,0,0.6347524058514007,available
wa-test-001308,0,0.002014336706662081,0,0.6347524058514007,available
wa-test-001309,0,0.0002525218461502611,0,0.6347524058514007,available
wa-test-001310,0,0.0001617482755921521,0,0.6347524058514007,available
wa-test-001311,0,0.0004027799895444636,0,0.6347524058514007,available
wa-test-001312,0,0.0020209716853763016,0,0.6347524058514007,available
wa-test-001313,0,0.003194985123588962,0,0.6347524058514007,available
wa-test-001314,0,0.01388708799629306,0,0.6347524058514007,available
wa-test-001315,0,0.0005383078910345172,0,0.6347524058514007,available
wa-test-001316,0,0.0009344382097290437,0,0.6347524058514007,available
wa-test-001317,0,0.00014477185488038992,0,0.6347524058514007,available
wa-test-001318,0,0.00039338739321503397,0,0.6347524058514007,available
wa-test-001319,0,0.0001382444765056438,0,0.6347524058514007,available
wa-test-001320,0,0.005587847757335492,0,0.6347524058514007,available
wa-test-001321,0,0.003733905209912071,0,0.6347524058514007,available
wa-test-001322,0,0.0034997938005451243,0,0.6347524058514007,available
wa-test-001323,0,0.0005082216786969802,0,0.6347524058514007,available
wa-test-001324,0,0.001234768194482245,0,0.6347524058514007,available
wa-test-001325,0,0.00011925733883865146,0,0.6347524058514007,available
wa-test-001326,0,0.00015099260557726728,0,0.6347524058514007,available
wa-test-001327,0,0.003030800263045062,0,0.6347524058514007,available
wa-test-001328,0,0.0004177972539818128,0,0.6347524058514007,available
wa-test-001329,0,0.0009799128850115964,0,0.6347524058514007,available
wa-test-001330,0,0.0035269462730397757,0,0.6347524058514007,available
wa-test-001331,0,0.00027934090017280245,0,0.6347524058514007,available
wa-test-001332,0,0.00025319332066506267,0,0.6347524058514007,available
wa-test-001333,0,0.0015249036687119413,0,0.6347524058514007,available
wa-test-001334,0,0.0002645265501405842,0,0.6347524058514007,available
wa-test-001335,0,0.00028809605956461946,0,0.6347524058514007,available
wa-test-001336,0,0.0011015566664799674,0,0.6347524058514007,available
wa-test-001337,0,0.0030793113051893564,0,0.6347524058514007,available
wa-test-001338,0,0.0008312875896597082,0,0.6347524058514007,available
wa-test-001339,0,0.0011493406057957992,0,0.6347524058514007,available
wa-test-001340,0,0.001313498844823238,0,0.6347524058514007,available
wa-test-001341,0,0.0008624973533153187,0,0.6347524058514007,available
wa-test-001342,0,0.00116911415226232,0,0.6347524058514007,available
wa-test-001343,0,0.0005204887733570849,0,0.6347524058514007,available
wa-test-001344,0,0.0016594945668846404,0,0.6347524058514007,available
wa-test-001345,0,0.010356187864691582,0,0.6347524058514007,available
wa-test-001346,0,0.02700639378360532,0,0.6347524058514007,available
wa-test-001347,0,0.0021544311680930183,0,0.6347524058514007,available
wa-test-001348,1,0.1652399492201367,0,0.6347524058514007,available
wa-test-001349,0,0.00021854615093845194,0,0.6347524058514007,available
wa-test-001350,0,0.0003461002192559864,0,0.6347524058514007,available
wa-test-001351,0,0.0002281830769975179,0,0.6347524058514007,available
wa-test-001352,0,0.0008733081276258967,0,0.6347524058514007,available
wa-test-001353,0,0.0006805008265703169,0,0.6347524058514007,available
wa-test-001354,0,0.0002466517385439667,0,0.6347524058514007,available
wa-test-001355,0,0.0010278820468558715,0,0.6347524058514007,available
wa-test-001356,0,0.0005619518476199477,0,0.6347524058514007,available
wa-test-001357,0,0.00022194967979018165,0,0.6347524058514007,available
wa-test-001358,0,0.00048254684513129945,0,0.6347524058514007,available
wa-test-001359,0,0.0029831626427682203,0,0.6347524058514007,available
wa-test-001360,0,0.0009677097295359366,0,0.6347524058514007,available
wa-test-001361,0,0.00015637886305703446,0,0.6347524058514007,available
wa-test-001362,0,0.00255377603856259,0,0.6347524058514007,available
wa-test-001363,0,0.0006147627649470325,0,0.6347524058514007,available
wa-test-001364,0,0.0011149187283904572,0,0.6347524058514007,available
wa-test-001365,1,0.5658689927851938,0,0.6347524058514007,available
wa-test-001366,0,0.0013468383013371802,0,0.6347524058514007,available
wa-test-001367,0,0.00014706069927428308,0,0.6347524058514007,available
wa-test-001368,0,0.0009131597645603882,0,0.6347524058514007,available
wa-test-001369,0,0.00057534141642489,0,0.6347524058514007,available
wa-test-001370,0,0.0003376647770581091,0,0.6347524058514007,available
wa-test-001371,0,0.0026781041647874725,0,0.6347524058514007,available
wa-test-001372,0,0.013869345382411757,0,0.6347524058514007,available
wa-test-001373,0,0.0016355220808902155,0,0.6347524058514007,available
wa-test-001374,1,0.9968193551958343,1,0.6347524058514007,available
wa-test-001375,0,0.000679309678194729,0,0.6347524058514007,available
wa-test-001376,0,0.0006237949189161408,0,0.6347524058514007,available
wa-test-001377,0,0.0007745694340710466,0,0.6347524058514007,available
wa-test-001378,0,0.02092456016373473,0,0.6347524058514007,available
wa-test-001379,0,0.002723101148138953,0,0.6347524058514007,available
wa-test-001380,0,0.00032372463618344,0,0.6347524058514007,available
wa-test-001381,0,0.00011435422943965972,0,0.6347524058514007,available
wa-test-001382,0,0.09446297000778185,0,0.6347524058514007,available
wa-test-001383,0,0.2009551450179978,0,0.6347524058514007,available
wa-test-001384,0,0.00520314248987587,0,0.6347524058514007,available
wa-test-001385,0,0.00015313388974457344,0,0.6347524058514007,available
wa-test-001386,1,0.9379504727730893,1,0.6347524058514007,available
wa-test-001387,1,0.9764375838949878,1,0.6347524058514007,available
wa-test-001388,1,0.9895130730345497,1,0.6347524058514007,available
wa-test-001389,0,0.0017409543293106647,0,0.6347524058514007,available
wa-test-001390,0,0.021166166290213742,0,0.6347524058514007,available
wa-test-001391,0,0.0009680862890312348,0,0.6347524058514007,available
wa-test-001392,0,0.0003192113600624145,0,0.6347524058514007,available
wa-test-001393,0,0.00013453275605311446,0,0.6347524058514007,available
wa-test-001394,0,0.0014104502225411404,0,0.6347524058514007,available
wa-test-001395,0,0.02551165403196137,0,0.6347524058514007,available
wa-test-001396,0,0.0006585325840337651,0,0.6347524058514007,available
wa-test-001397,0,0.27463707125881454,0,0.6347524058514007,available
wa-test-001398,0,0.0005983377181849038,0,0.6347524058514007,available
wa-test-001399,0,0.0019917285137317988,0,0.6347524058514007,available
wa-test-001400,0,0.03136283263652928,0,0.6347524058514007,available
wa-test-001401,0,0.0023902337323244067,0,0.6347524058514007,available
wa-test-001402,1,0.8254607400446279,1,0.6347524058514007,available
wa-test-001403,0,0.031666529557300226,0,0.6347524058514007,available
wa-test-001404,0,0.029981959020599653,0,0.6347524058514007,available
wa-test-001405,0,0.0007816697469095411,0,0.6347524058514007,available
wa-test-001406,0,0.00031641653511837656,0,0.6347524058514007,available
wa-test-001407,0,0.058037090538065494,0,0.6347524058514007,available
wa-test-001408,0,0.0021459202684029153,0,0.6347524058514007,available
wa-test-001409,0,0.0005199481462794019,0,0.6347524058514007,available
wa-test-001410,0,0.000999174039026683,0,0.6347524058514007,available
wa-test-001411,0,0.0002852680810562721,0,0.6347524058514007,available
wa-test-001412,0,0.000479881230211341,0,0.6347524058514007,available
wa-test-001413,0,0.0006326719507533251,0,0.6347524058514007,available
wa-test-001414,0,0.00033353338232773415,0,0.6347524058514007,available
wa-test-001415,0,0.0005991908482571609,0,0.6347524058514007,available
wa-test-001416,0,0.0018479652967425878,0,0.6347524058514007,available
wa-test-001417,0,0.0008058988371643106,0,0.6347524058514007,available
wa-test-001418,1,0.9826214759619893,1,0.6347524058514007,available
wa-test-001419,0,0.0010454811587462727,0,0.6347524058514007,available
wa-test-001420,0,0.0023208584243650777,0,0.6347524058514007,available
wa-test-001421,0,0.0002616593890258781,0,0.6347524058514007,available
wa-test-001422,0,0.0008502462593109301,0,0.6347524058514007,available
wa-test-001423,0,0.003177756134465846,0,0.6347524058514007,available
wa-test-001424,0,0.0007703634607327506,0,0.6347524058514007,available
wa-test-001425,0,0.0008146465045999809,0,0.6347524058514007,available
wa-test-001426,1,0.9729741595980939,1,0.6347524058514007,available
wa-test-001427,0,0.0005476324761326108,0,0.6347524058514007,available
wa-test-001428,0,0.0007676202715876899,0,0.6347524058514007,available
wa-test-001429,0,0.0032492918035250543,0,0.6347524058514007,available
wa-test-001430,0,0.002292035147439499,0,0.6347524058514007,available
wa-test-001431,0,0.001100966133639239,0,0.6347524058514007,available
wa-test-001432,0,0.01830965903246813,0,0.6347524058514007,available
wa-test-001433,0,0.0008604667260200243,0,0.6347524058514007,available
wa-test-001434,0,0.0006406254716220871,0,0.6347524058514007,available
wa-test-001435,0,0.0006660965143291985,0,0.6347524058514007,available
wa-test-001436,0,0.0003761065342039825,0,0.6347524058514007,available
wa-test-001437,0,0.002958022367622574,0,0.6347524058514007,available
wa-test-001438,0,0.0015041275769387013,0,0.6347524058514007,available
wa-test-001439,0,0.12493148223822698,0,0.6347524058514007,available
wa-test-001440,0,0.0002596970201545402,0,0.6347524058514007,available
wa-test-001441,0,0.005457115713073026,0,0.6347524058514007,available
wa-test-001442,0,0.0005459641168339989,0,0.6347524058514007,available
wa-test-001443,0,0.05292424816189631,0,0.6347524058514007,available
wa-test-001444,0,0.00011355447247225115,0,0.6347524058514007,available
wa-test-001445,0,0.0029290701854080775,0,0.6347524058514007,available
wa-test-001446,0,0.0013283499571675424,0,0.6347524058514007,available
wa-test-001447,1,0.832871352657308,1,0.6347524058514007,available
wa-test-001448,0,0.00013549548208835731,0,0.6347524058514007,available
wa-test-001449,0,0.001889115445442899,0,0.6347524058514007,available
wa-test-001450,0,0.002371570682857284,0,0.6347524058514007,available
wa-test-001451,0,0.002437592829380695,0,0.6347524058514007,available
wa-test-001452,0,0.27948591571739634,0,0.6347524058514007,available
wa-test-001453,0,0.0001132267582771699,0,0.6347524058514007,available
wa-test-001454,0,0.0012432699712899618,0,0.6347524058514007,available
wa-test-001455,0,0.0058586736670081865,0,0.6347524058514007,available
wa-test-001456,0,0.0027869763707812846,0,0.6347524058514007,available
wa-test-001457,0,0.1614210162009981,0,0.6347524058514007,available
wa-test-001458,0,0.0005194594589309976,0,0.6347524058514007,available
wa-test-001459,0,0.05674699184092724,0,0.6347524058514007,available
wa-test-001460,0,0.010005737951700141,0,0.6347524058514007,available
wa-test-001461,0,0.0008560964353544886,0,0.6347524058514007,available
wa-test-001462,0,0.0005112665616773948,0,0.6347524058514007,available
wa-test-001463,0,0.00015259236429312475,0,0.6347524058514007,available
wa-test-001464,1,0.9963215773085251,1,0.6347524058514007,available
wa-test-001465,1,0.0025039840422745444,0,0.6347524058514007,available
wa-test-001466,0,0.00014937347345391394,0,0.6347524058514007,available
wa-test-001467,0,0.00040639834244993395,0,0.6347524058514007,available
wa-test-001468,0,0.005642360621770212,0,0.6347524058514007,available
wa-test-001469,0,0.0003219320468060771,0,0.6347524058514007,available
wa-test-001470,0,0.0022249974713019808,0,0.6347524058514007,available
wa-test-001471,0,0.0017245722788550232,0,0.6347524058514007,available
wa-test-001472,0,0.0009906891082449795,0,0.6347524058514007,available
wa-test-001473,1,0.9557841975406263,1,0.6347524058514007,available
wa-test-001474,0,0.006494285321981637,0,0.6347524058514007,available
wa-test-001475,0,0.0026632219937232806,0,0.6347524058514007,available
wa-test-001476,0,0.0014907423733166619,0,0.6347524058514007,available
wa-test-001477,0,0.0003667922693939389,0,0.6347524058514007,available
wa-test-001478,0,0.016579716244741485,0,0.6347524058514007,available
wa-test-001479,0,0.0028303471370597698,0,0.6347524058514007,available
wa-test-001480,0,0.0016912847561038283,0,0.6347524058514007,available
wa-test-001481,0,0.0001889805706589923,0,0.6347524058514007,available
wa-test-001482,0,0.0011841534788975924,0,0.6347524058514007,available
wa-test-001483,0,0.0055259747123052915,0,0.6347524058514007,available
wa-test-001484,0,0.04062525639687761,0,0.6347524058514007,available
wa-test-001485,0,5.426965446740251e-05,0,0.6347524058514007,available
wa-test-001486,0,0.0023745576075177386,0,0.6347524058514007,available
wa-test-001487,0,0.0004913826574193718,0,0.6347524058514007,available
wa-test-001488,0,0.0006802071949966593,0,0.6347524058514007,available
wa-test-001489,0,0.00017815416990850217,0,0.6347524058514007,available
wa-test-001490,0,0.0010308601294332592,0,0.6347524058514007,available
wa-test-001491,0,0.00017778633667419426,0,0.6347524058514007,available
wa-test-001492,0,0.05763661671263996,0,0.6347524058514007,available
wa-test-001493,0,0.013904265371586986,0,0.6347524058514007,available
wa-test-001494,1,0.997490549723173,1,0.6347524058514007,available
wa-test-001495,0,0.006598219828749445,0,0.6347524058514007,available
wa-test-001496,0,0.13339460396719613,0,0.6347524058514007,available
wa-test-001497,0,0.0006296604499337367,0,0.6347524058514007,available
wa-test-001498,0,0.023248131219015963,0,0.6347524058514007,available
wa-test-001499,0,0.0004083666231789646,0,0.6347524058514007,available
wa-test-001500,0,0.0022653012449676013,0,0.6347524058514007,available
wa-test-001501,0,0.0003482508149466269,0,0.6347524058514007,available
wa-test-001502,0,0.06936726312136483,0,0.6347524058514007,available
wa-test-001503,1,0.9987056515106144,1,0.6347524058514007,available
wa-test-001504,0,0.003413767445969859,0,0.6347524058514007,available
wa-test-001505,0,0.000604663174673723,0,0.6347524058514007,available
wa-test-001506,0,0.0006527106560265532,0,0.6347524058514007,available
wa-test-001507,0,0.0007228760807798369,0,0.6347524058514007,available
wa-test-001508,0,0.02940928622913449,0,0.6347524058514007,available
wa-test-001509,0,0.003071771602072722,0,0.6347524058514007,available
wa-test-001510,0,0.0014463058563815069,0,0.6347524058514007,available
wa-test-001511,0,0.03966727181118182,0,0.6347524058514007,available
wa-test-001512,0,0.0005580157623790441,0,0.6347524058514007,available
wa-test-001513,0,0.0001866682656891785,0,0.6347524058514007,available
wa-test-001514,0,0.00018168183590404108,0,0.6347524058514007,available
wa-test-001515,0,0.08351278851087592,0,0.6347524058514007,available
wa-test-001516,0,0.0001450795648410754,0,0.6347524058514007,available
wa-test-001517,0,0.08674356117741693,0,0.6347524058514007,available
wa-test-001518,0,0.0016664014026669517,0,0.6347524058514007,available
wa-test-001519,0,0.0024153644970002137,0,0.6347524058514007,available
wa-test-001520,0,0.0025839029449906026,0,0.6347524058514007,available
wa-test-001521,0,0.00030465264182205,0,0.6347524058514007,available
wa-test-001522,0,0.0031209753683775574,0,0.6347524058514007,available
wa-test-001523,0,0.0006657160164871975,0,0.6347524058514007,available
wa-test-001524,0,0.003661314859550241,0,0.6347524058514007,available
wa-test-001525,1,0.9977262197981978,1,0.6347524058514007,available
wa-test-001526,0,0.000651200653939589,0,0.6347524058514007,available
wa-test-001527,0,0.0009025217590008529,0,0.6347524058514007,available
wa-test-001528,0,0.00023292197814226779,0,0.6347524058514007,available
wa-test-001529,0,0.0001826541844764523,0,0.6347524058514007,available
wa-test-001530,0,0.0027581185276163308,0,0.6347524058514007,available
wa-test-001531,0,0.0021001531395861916,0,0.6347524058514007,available
wa-test-001532,0,0.00012630579515830813,0,0.6347524058514007,available
wa-test-001533,0,0.008474395488128825,0,0.6347524058514007,available
wa-test-001534,0,0.0022803524792221084,0,0.6347524058514007,available
wa-test-001535,0,0.0009520429724411014,0,0.6347524058514007,available
wa-test-001536,0,0.3493277095728869,0,0.6347524058514007,available
wa-test-001537,0,0.0005963438168582875,0,0.6347524058514007,available
wa-test-001538,0,0.003661515497627005,0,0.6347524058514007,available
wa-test-001539,0,9.558048750058679e-05,0,0.6347524058514007,available
wa-test-001540,1,0.04010568840177264,0,0.6347524058514007,available
wa-test-001541,0,0.00029912308334675234,0,0.6347524058514007,available
wa-test-001542,0,0.004436696315361877,0,0.6347524058514007,available
wa-test-001543,1,0.00378525261757771,0,0.6347524058514007,available
wa-test-001544,0,0.005001184633621882,0,0.6347524058514007,available
wa-test-001545,0,0.03966881808958689,0,0.6347524058514007,available
wa-test-001546,0,0.00036858061046303036,0,0.6347524058514007,available
wa-test-001547,0,0.0006989465912677531,0,0.6347524058514007,available
wa-test-001548,0,0.043261824393579736,0,0.6347524058514007,available
wa-test-001549,0,0.0022397264033869125,0,0.6347524058514007,available
wa-test-001550,0,0.000393199882970499,0,0.6347524058514007,available
wa-test-001551,0,0.0004533193419724602,0,0.6347524058514007,available
wa-test-001552,0,0.0031326709409232887,0,0.6347524058514007,available
wa-test-001553,0,0.008048576473172371,0,0.6347524058514007,available
wa-test-001554,0,0.0005777945275325584,0,0.6347524058514007,available
wa-test-001555,0,0.20461839660595113,0,0.6347524058514007,available
wa-test-001556,0,0.002098531711941939,0,0.6347524058514007,available
wa-test-001557,0,3.2127689395870386e-05,0,0.6347524058514007,available
wa-test-001558,0,0.0002835346487683651,0,0.6347524058514007,available
wa-test-001559,0,0.002915267799281889,0,0.6347524058514007,available
wa-test-001560,0,0.0004794499468343878,0,0.6347524058514007,available
wa-test-001561,0,0.0011323487016771407,0,0.6347524058514007,available
wa-test-001562,0,0.027564591051031966,0,0.6347524058514007,available
wa-test-001563,0,0.0007181273041866384,0,0.6347524058514007,available
wa-test-001564,0,0.00015814379266617613,0,0.6347524058514007,available
wa-test-001565,0,0.0014025669710514023,0,0.6347524058514007,available
wa-test-001566,0,0.0006245598026998082,0,0.6347524058514007,available
wa-test-001567,0,0.018374785443001425,0,0.6347524058514007,available
wa-test-001568,1,0.9740699236445999,1,0.6347524058514007,available
wa-test-001569,0,0.00261219215021713,0,0.6347524058514007,available
wa-test-001570,0,0.0013831818659002912,0,0.6347524058514007,available
wa-test-001571,1,0.9112007950954518,1,0.6347524058514007,available
wa-test-001572,0,0.0027524841331552914,0,0.6347524058514007,available
wa-test-001573,0,0.0003688530314619174,0,0.6347524058514007,available
wa-test-001574,0,0.019449498337369454,0,0.6347524058514007,available
wa-test-001575,0,0.0005461759865509192,0,0.6347524058514007,available
wa-test-001576,0,0.05198641995102527,0,0.6347524058514007,available
wa-test-001577,0,0.03890496640933741,0,0.6347524058514007,available
wa-test-001578,1,0.9693090510423118,1,0.6347524058514007,available
wa-test-001579,0,0.012954334679103955,0,0.6347524058514007,available
wa-test-001580,0,0.0016109072410477074,0,0.6347524058514007,available
wa-test-001581,0,0.010466012999360674,0,0.6347524058514007,available
wa-test-001582,0,0.005455119179392779,0,0.6347524058514007,available
wa-test-001583,0,0.0025498709927718913,0,0.6347524058514007,available
wa-test-001584,0,0.0006940525351115831,0,0.6347524058514007,available
wa-test-001585,0,0.0004849420994707181,0,0.6347524058514007,available
wa-test-001586,0,0.0002646659149763689,0,0.6347524058514007,available
wa-test-001587,0,0.0034823512198126193,0,0.6347524058514007,available
wa-test-001588,0,0.000894719821906376,0,0.6347524058514007,available
wa-test-001589,0,0.0004131144326119788,0,0.6347524058514007,available
wa-test-001590,0,0.0029317540258452916,0,0.6347524058514007,available
wa-test-001591,0,0.0018206185019148027,0,0.6347524058514007,available
wa-test-001592,0,0.0003944475610814076,0,0.6347524058514007,available
wa-test-001593,0,0.00030094688768203304,0,0.6347524058514007,available
wa-test-001594,0,0.0010448239409119868,0,0.6347524058514007,available
wa-test-001595,0,9.204745753863874e-05,0,0.6347524058514007,available
wa-test-001596,0,0.0008974371728595302,0,0.6347524058514007,available
wa-test-001597,0,0.00014856452852105758,0,0.6347524058514007,available
wa-test-001598,0,0.0006291871433658461,0,0.6347524058514007,available
wa-test-001599,0,0.00027567068425582257,0,0.6347524058514007,available
wa-test-001600,0,0.0002588683497395476,0,0.6347524058514007,available
wa-test-001601,0,0.0005368082288766019,0,0.6347524058514007,available
wa-test-001602,0,0.0009328567870162839,0,0.6347524058514007,available
wa-test-001603,0,0.0008332286036238148,0,0.6347524058514007,available
wa-test-001604,0,0.0008350231881761179,0,0.6347524058514007,available
wa-test-001605,0,0.0003356328959137221,0,0.6347524058514007,available
wa-test-001606,0,0.0008397684397231253,0,0.6347524058514007,available
wa-test-001607,0,0.0016312504388431015,0,0.6347524058514007,available
wa-test-001608,0,0.001625072619013764,0,0.6347524058514007,available
wa-test-001609,0,0.0005317722298550124,0,0.6347524058514007,available
wa-test-001610,1,0.7537770684337508,1,0.6347524058514007,available
wa-test-001611,0,0.004669072203293155,0,0.6347524058514007,available
wa-test-001612,0,0.0004021152599387451,0,0.6347524058514007,available
wa-test-001613,0,0.006407274999236895,0,0.6347524058514007,available
wa-test-001614,0,0.0005134112318902147,0,0.6347524058514007,available
wa-test-001615,0,0.003632065125039279,0,0.6347524058514007,available
wa-test-001616,0,0.0013747554632218151,0,0.6347524058514007,available
wa-test-001617,0,0.0007785600812728113,0,0.6347524058514007,available
wa-test-001618,0,0.004878818089080527,0,0.6347524058514007,available
wa-test-001619,0,0.18802297991069858,0,0.6347524058514007,available
wa-test-001620,0,0.00014126229436768175,0,0.6347524058514007,available
wa-test-001621,0,0.0006859185280638394,0,0.6347524058514007,available
wa-test-001622,0,0.0010840499611007005,0,0.6347524058514007,available
wa-test-001623,0,0.00036484466800466544,0,0.6347524058514007,available
wa-test-001624,0,0.0025127399160867884,0,0.6347524058514007,available
wa-test-001625,0,0.001603765026580169,0,0.6347524058514007,available
wa-test-001626,1,0.9933102855708918,1,0.6347524058514007,available
wa-test-001627,0,0.002444166112817987,0,0.6347524058514007,available
wa-test-001628,0,4.6560066187367613e-05,0,0.6347524058514007,available
wa-test-001629,0,0.0007748643893737351,0,0.6347524058514007,available
wa-test-001630,0,5.114880837844609e-05,0,0.6347524058514007,available
wa-test-001631,0,0.0007683541536291798,0,0.6347524058514007,available
wa-test-001632,0,0.002577995187681391,0,0.6347524058514007,available
wa-test-001633,0,0.053798168527073933,0,0.6347524058514007,available
wa-test-001634,0,0.00017864887045858165,0,0.6347524058514007,available
wa-test-001635,0,0.0015517832590436068,0,0.6347524058514007,available
wa-test-001636,0,0.001520292207423376,0,0.6347524058514007,available
wa-test-001637,1,0.8268613306530984,1,0.6347524058514007,available
wa-test-001638,0,0.003015747014915879,0,0.6347524058514007,available
wa-test-001639,0,0.0015311391156152866,0,0.6347524058514007,available
wa-test-001640,0,0.012958567555022131,0,0.6347524058514007,available
wa-test-001641,0,0.00020706202378856545,0,0.6347524058514007,available
wa-test-001642,0,0.007241724673499392,0,0.6347524058514007,available
wa-test-001643,0,0.008690289544479186,0,0.6347524058514007,available
wa-test-001644,0,0.0005606175483367622,0,0.6347524058514007,available
wa-test-001645,0,7.463406293700908e-05,0,0.6347524058514007,available
wa-test-001646,0,0.0025122947176153387,0,0.6347524058514007,available
wa-test-001647,0,0.007714630167039768,0,0.6347524058514007,available
wa-test-001648,1,0.9625303122615756,1,0.6347524058514007,available
wa-test-001649,0,0.0022400205931358275,0,0.6347524058514007,available
wa-test-001650,0,0.003960603831649889,0,0.6347524058514007,available
wa-test-001651,1,0.9970751501632432,1,0.6347524058514007,available
wa-test-001652,0,0.0026861874730828464,0,0.6347524058514007,available
wa-test-001653,0,0.0003060295068906653,0,0.6347524058514007,available
wa-test-001654,0,0.0038495821019699245,0,0.6347524058514007,available
wa-test-001655,0,0.0023161126342453858,0,0.6347524058514007,available
wa-test-001656,0,0.007473741546415845,0,0.6347524058514007,available
wa-test-001657,0,0.0006044297504632617,0,0.6347524058514007,available
wa-test-001658,0,0.000505480553276674,0,0.6347524058514007,available
wa-test-001659,0,0.0009036611346613671,0,0.6347524058514007,available
wa-test-001660,0,0.0007913231626346863,0,0.6347524058514007,available
wa-test-001661,0,0.00020050586494952112,0,0.6347524058514007,available
wa-test-001662,0,0.0007055510554036685,0,0.6347524058514007,available
wa-test-001663,1,0.8779022734832467,1,0.6347524058514007,available
wa-test-001664,0,0.0017615888434543978,0,0.6347524058514007,available
wa-test-001665,0,0.0011259503635061272,0,0.6347524058514007,available
wa-test-001666,0,0.0033968723931581024,0,0.6347524058514007,available
wa-test-001667,0,0.011259294796629776,0,0.6347524058514007,available
wa-test-001668,1,0.9205893235401768,1,0.6347524058514007,available
wa-test-001669,0,0.03993227334454173,0,0.6347524058514007,available
wa-test-001670,0,2.333840060292716e-05,0,0.6347524058514007,available
wa-test-001671,0,0.00046342271214638717,0,0.6347524058514007,available
wa-test-001672,0,0.0014905948738955098,0,0.6347524058514007,available
wa-test-001673,0,0.0014159142119276806,0,0.6347524058514007,available
wa-test-001674,0,0.0063136388678460805,0,0.6347524058514007,available
wa-test-001675,0,0.010595459935153916,0,0.6347524058514007,available
wa-test-001676,0,0.008379352328847362,0,0.6347524058514007,available
wa-test-001677,0,0.0007076292258431234,0,0.6347524058514007,available
wa-test-001678,0,0.0034569679229294113,0,0.6347524058514007,available
wa-test-001679,0,0.0002477607579371767,0,0.6347524058514007,available
wa-test-001680,0,0.0014848622963532627,0,0.6347524058514007,available
wa-test-001681,0,0.00012565151346011184,0,0.6347524058514007,available
wa-test-001682,0,0.0613550461889983,0,0.6347524058514007,available
wa-test-001683,0,3.54659720643924e-05,0,0.6347524058514007,available
wa-test-001684,0,0.000692737530639883,0,0.6347524058514007,available
wa-test-001685,0,0.006550783766810763,0,0.6347524058514007,available
wa-test-001686,0,0.00015347221573628632,0,0.6347524058514007,available
wa-test-001687,0,0.0018162244998078977,0,0.6347524058514007,available
wa-test-001688,0,0.002102240741188693,0,0.6347524058514007,available
wa-test-001689,0,0.0003859064613839929,0,0.6347524058514007,available
wa-test-001690,0,0.012590534848977259,0,0.6347524058514007,available
wa-test-001691,0,0.019150026399261284,0,0.6347524058514007,available
wa-test-001692,0,0.03441892846095103,0,0.6347524058514007,available
wa-test-001693,1,0.995999428048863,1,0.6347524058514007,available
wa-test-001694,0,0.005066980101702563,0,0.6347524058514007,available
wa-test-001695,0,0.008846571199238202,0,0.6347524058514007,available
wa-test-001696,0,0.0009600389929399924,0,0.6347524058514007,available
wa-test-001697,0,0.00020704661286016164,0,0.6347524058514007,available
wa-test-001698,0,0.0017865432887732035,0,0.6347524058514007,available
wa-test-001699,0,0.058599809505456686,0,0.6347524058514007,available
wa-test-001700,0,0.002713049549209546,0,0.6347524058514007,available
wa-test-001701,0,0.0024570143357328152,0,0.6347524058514007,available
wa-test-001702,0,0.00039910922352974986,0,0.6347524058514007,available
wa-test-001703,0,0.0003309612062893877,0,0.6347524058514007,available
wa-test-001704,0,0.0038829595977191156,0,0.6347524058514007,available
wa-test-001705,0,0.0004636009770069541,0,0.6347524058514007,available
wa-test-001706,0,0.0005883796413327363,0,0.6347524058514007,available
wa-test-001707,1,0.9958881208980451,1,0.6347524058514007,available
wa-test-001708,0,0.00047502289305551823,0,0.6347524058514007,available
wa-test-001709,0,0.0002670115068433322,0,0.6347524058514007,available
wa-test-001710,0,0.0007054277598869959,0,0.6347524058514007,available
wa-test-001711,1,0.9852749479440427,1,0.6347524058514007,available
wa-test-001712,0,0.0023937673404440117,0,0.6347524058514007,available
wa-test-001713,0,0.00024869967870188263,0,0.6347524058514007,available
wa-test-001714,0,0.0039047026018375276,0,0.6347524058514007,available
wa-test-001715,0,0.0011245025257731083,0,0.6347524058514007,available
wa-test-001716,0,0.00011219573769598253,0,0.6347524058514007,available
wa-test-001717,0,0.0007995043415364344,0,0.6347524058514007,available
wa-test-001718,0,0.013500199578982158,0,0.6347524058514007,available
wa-test-001719,0,0.000726228272288234,0,0.6347524058514007,available
wa-test-001720,0,0.005441556204952689,0,0.6347524058514007,available
wa-test-001721,1,0.045818346782699165,0,0.6347524058514007,available
wa-test-001722,0,0.0003551790069712148,0,0.6347524058514007,available
wa-test-001723,0,0.00025069839892697234,0,0.6347524058514007,available
wa-test-001724,0,0.0005995050862662288,0,0.6347524058514007,available
wa-test-001725,0,0.7387244525422012,1,0.6347524058514007,available
wa-test-001726,0,0.0009608004152773621,0,0.6347524058514007,available
wa-test-001727,0,0.0016369282096659124,0,0.6347524058514007,available
wa-test-001728,0,0.0016595125586644287,0,0.6347524058514007,available
wa-test-001729,0,0.0001743415016738462,0,0.6347524058514007,available
wa-test-001730,0,0.0006931980604387918,0,0.6347524058514007,available
wa-test-001731,0,0.00027802853520030133,0,0.6347524058514007,available
wa-test-001732,0,0.0012558680900945848,0,0.6347524058514007,available
wa-test-001733,0,0.004233781508686908,0,0.6347524058514007,available
wa-test-001734,0,0.0006259426661799412,0,0.6347524058514007,available
wa-test-001735,0,0.020373967327455295,0,0.6347524058514007,available
wa-test-001736,0,0.0019793232746802285,0,0.6347524058514007,available
wa-test-001737,1,0.7189655583838238,1,0.6347524058514007,available
wa-test-001738,1,0.9904776436866676,1,0.6347524058514007,available
wa-test-001739,0,0.0005824989146087001,0,0.6347524058514007,available
wa-test-001740,0,0.0006081478288749423,0,0.6347524058514007,available
wa-test-001741,0,3.519674053872182e-05,0,0.6347524058514007,available
wa-test-001742,0,0.004020457862661487,0,0.6347524058514007,available
wa-test-001743,0,0.0005264257343313466,0,0.6347524058514007,available
wa-test-001744,0,0.0016847857660385018,0,0.6347524058514007,available
wa-test-001745,0,0.002040912748140158,0,0.6347524058514007,available
wa-test-001746,0,0.00046729301965717213,0,0.6347524058514007,available
wa-test-001747,0,0.00680921972955897,0,0.6347524058514007,available
wa-test-001748,0,0.00017572742218393493,0,0.6347524058514007,available
wa-test-001749,0,0.0022539068284337977,0,0.6347524058514007,available
wa-test-001750,0,0.007951365478411871,0,0.6347524058514007,available
wa-test-001751,0,0.001293990702468024,0,0.6347524058514007,available
wa-test-001752,0,0.0014068093388911191,0,0.6347524058514007,available
wa-test-001753,0,0.0011893922761023227,0,0.6347524058514007,available
wa-test-001754,0,0.00421610595053459,0,0.6347524058514007,available
wa-test-001755,0,0.003018604602989548,0,0.6347524058514007,available
wa-test-001756,0,0.00018930596488014645,0,0.6347524058514007,available
wa-test-001757,0,0.0028858760884839015,0,0.6347524058514007,available
wa-test-001758,0,0.0008345795016819388,0,0.6347524058514007,available
wa-test-001759,0,0.0005807906242704584,0,0.6347524058514007,available
wa-test-001760,0,0.00031941070854406614,0,0.6347524058514007,available
wa-test-001761,0,0.00020437814560094782,0,0.6347524058514007,available
wa-test-001762,0,0.002083518594275593,0,0.6347524058514007,available
wa-test-001763,0,0.0015283404027954316,0,0.6347524058514007,available
wa-test-001764,0,0.0005366096108057341,0,0.6347524058514007,available
wa-test-001765,1,0.982877547455617,1,0.6347524058514007,available
wa-test-001766,0,0.0013920627296337626,0,0.6347524058514007,available
wa-test-001767,0,0.0013639232213664891,0,0.6347524058514007,available
wa-test-001768,0,0.0003714918118014081,0,0.6347524058514007,available
wa-test-001769,0,0.0039225868499911925,0,0.6347524058514007,available
wa-test-001770,0,0.013809213392887916,0,0.6347524058514007,available
wa-test-001771,0,0.006080827248068519,0,0.6347524058514007,available
wa-test-001772,0,0.0011176144478829305,0,0.6347524058514007,available
wa-test-001773,0,0.0004089273707097941,0,0.6347524058514007,available
wa-test-001774,0,0.0014434199007819992,0,0.6347524058514007,available
wa-test-001775,0,0.00019633211865268646,0,0.6347524058514007,available
wa-test-001776,0,0.0010359115461169336,0,0.6347524058514007,available
wa-test-001777,0,0.007721141191252401,0,0.6347524058514007,available
wa-test-001778,0,0.4568342739719522,0,0.6347524058514007,available
wa-test-001779,0,0.0004894383637204554,0,0.6347524058514007,available
wa-test-001780,0,0.003219246382122526,0,0.6347524058514007,available
wa-test-001781,0,0.005512903815423224,0,0.6347524058514007,available
wa-test-001782,0,0.0015643901153199935,0,0.6347524058514007,available
wa-test-001783,0,0.0005221025060110899,0,0.6347524058514007,available
wa-test-001784,0,0.04735972465941504,0,0.6347524058514007,available
wa-test-001785,0,0.002993151626305288,0,0.6347524058514007,available
wa-test-001786,0,0.0004953080123253431,0,0.6347524058514007,available
wa-test-001787,0,0.0008050775952320221,0,0.6347524058514007,available
wa-test-001788,0,0.0007405018118081035,0,0.6347524058514007,available
wa-test-001789,0,0.00036381337712284645,0,0.6347524058514007,available
wa-test-001790,0,6.651567351235476e-05,0,0.6347524058514007,available
wa-test-001791,0,0.0019650201796125822,0,0.6347524058514007,available
wa-test-001792,0,0.00016699595331033144,0,0.6347524058514007,available
wa-test-001793,0,0.13476864000789043,0,0.6347524058514007,available
wa-test-001794,0,0.00043185905237064497,0,0.6347524058514007,available
wa-test-001795,1,0.7997977945370341,1,0.6347524058514007,available
wa-test-001796,0,0.0014742671099684964,0,0.6347524058514007,available
wa-test-001797,1,0.9783997323226626,1,0.6347524058514007,available
wa-test-001798,0,0.0016760674149627534,0,0.6347524058514007,available
wa-test-001799,0,0.059612327628682994,0,0.6347524058514007,available
wa-test-001800,0,0.0011218054146672678,0,0.6347524058514007,available
wa-test-001801,0,7.5129336535459e-05,0,0.6347524058514007,available
wa-test-001802,1,0.6900516521347179,1,0.6347524058514007,available
wa-test-001803,0,0.003891065793134467,0,0.6347524058514007,available
wa-test-001804,0,0.00018079731151060356,0,0.6347524058514007,available
wa-test-001805,0,0.00043763000646561515,0,0.6347524058514007,available
wa-test-001806,0,0.21095002753197162,0,0.6347524058514007,available
wa-test-001807,0,0.0031831369116623468,0,0.6347524058514007,available
wa-test-001808,0,0.0005333892144003128,0,0.6347524058514007,available
wa-test-001809,0,0.0005409950426355033,0,0.6347524058514007,available
wa-test-001810,0,0.000445785097539977,0,0.6347524058514007,available
wa-test-001811,0,0.00024221256746399398,0,0.6347524058514007,available
wa-test-001812,1,0.9848329208019141,1,0.6347524058514007,available
wa-test-001813,0,0.0006797992860841317,0,0.6347524058514007,available
wa-test-001814,0,0.00025600177879025034,0,0.6347524058514007,available
wa-test-001815,0,0.005948719857537608,0,0.6347524058514007,available
wa-test-001816,0,0.00863442839650729,0,0.6347524058514007,available
wa-test-001817,1,0.5783378739244608,0,0.6347524058514007,available
wa-test-001818,1,0.9518023621877324,1,0.6347524058514007,available
wa-test-001819,0,0.012915699078216247,0,0.6347524058514007,available
wa-test-001820,0,0.03538256776459009,0,0.6347524058514007,available
wa-test-001821,0,0.04946656237944692,0,0.6347524058514007,available
wa-test-001822,0,0.0013045024407656338,0,0.6347524058514007,available
wa-test-001823,1,0.9752839087904602,1,0.6347524058514007,available
wa-test-001824,0,0.001079349706432002,0,0.6347524058514007,available
wa-test-001825,0,0.00031099139046220276,0,0.6347524058514007,available
wa-test-001826,0,0.00023402045272126766,0,0.6347524058514007,available
wa-test-001827,0,0.002210477356774636,0,0.6347524058514007,available
wa-test-001828,0,0.0005281266677727594,0,0.6347524058514007,available
wa-test-001829,1,0.9835310761410859,1,0.6347524058514007,available
wa-test-001830,0,0.0002844470195716868,0,0.6347524058514007,available
wa-test-001831,0,0.00046846815628947815,0,0.6347524058514007,available
wa-test-001832,1,0.9900878951793731,1,0.6347524058514007,available
wa-test-001833,0,0.011939218553422198,0,0.6347524058514007,available
wa-test-001834,0,0.043906147777670254,0,0.6347524058514007,available
wa-test-001835,0,0.001048768867359841,0,0.6347524058514007,available
wa-test-001836,0,9.473819718281272e-05,0,0.6347524058514007,available
wa-test-001837,1,0.9965112386637163,1,0.6347524058514007,available
wa-test-001838,0,0.8968297560485539,1,0.6347524058514007,available
wa-test-001839,1,0.9879640088002929,1,0.6347524058514007,available
wa-test-001840,0,0.000827665335361796,0,0.6347524058514007,available
wa-test-001841,0,0.0005078314058965635,0,0.6347524058514007,available
wa-test-001842,0,0.0009694571205347434,0,0.6347524058514007,available
wa-test-001843,0,0.004800581893116082,0,0.6347524058514007,available
wa-test-001844,0,0.01631820107862238,0,0.6347524058514007,available
wa-test-001845,0,0.0019452830403932939,0,0.6347524058514007,available
wa-test-001846,0,0.0026466109897241813,0,0.6347524058514007,available
wa-test-001847,0,0.0015501764801919915,0,0.6347524058514007,available
wa-test-001848,0,0.0006827816648264625,0,0.6347524058514007,available
wa-test-001849,0,0.0007195276878987063,0,0.6347524058514007,available
wa-test-001850,0,0.00761026906637161,0,0.6347524058514007,available
wa-test-001851,0,0.020414675571221248,0,0.6347524058514007,available
wa-test-001852,0,0.015119775441203393,0,0.6347524058514007,available
wa-test-001853,0,0.03374799715785181,0,0.6347524058514007,available
wa-test-001854,0,0.0031045165739090664,0,0.6347524058514007,available
wa-test-001855,0,0.00019690606115143206,0,0.6347524058514007,available
wa-test-001856,0,2.6654877497290433e-05,0,0.6347524058514007,available
wa-test-001857,0,0.0004684873281142009,0,0.6347524058514007,available
wa-test-001858,0,0.0574741631043265,0,0.6347524058514007,available
wa-test-001859,0,0.0010198140678256162,0,0.6347524058514007,available
wa-test-001860,0,0.00030516408711631256,0,0.6347524058514007,available
wa-test-001861,0,0.014576960856809587,0,0.6347524058514007,available
wa-test-001862,0,0.0001866682656891785,0,0.6347524058514007,available
wa-test-001863,0,0.0008671226710712525,0,0.6347524058514007,available
wa-test-001864,1,0.9883737350944293,1,0.6347524058514007,available
wa-test-001865,0,0.2945724824731981,0,0.6347524058514007,available
wa-test-001866,0,0.0010758422822275543,0,0.6347524058514007,available
wa-test-001867,0,0.0023141615943847345,0,0.6347524058514007,available
wa-test-001868,1,0.9844262765100502,1,0.6347524058514007,available
wa-test-001869,0,0.25624817417151574,0,0.6347524058514007,available
wa-test-001870,0,0.0025513733247427826,0,0.6347524058514007,available
wa-test-001871,0,0.000539297411423677,0,0.6347524058514007,available
wa-test-001872,0,0.09379436077215449,0,0.6347524058514007,available
wa-test-001873,0,0.0009238013833945596,0,0.6347524058514007,available
wa-test-001874,0,0.00026299288755066743,0,0.6347524058514007,available
wa-test-001875,0,0.0034021909620445935,0,0.6347524058514007,available
wa-test-001876,0,0.0008642920120973421,0,0.6347524058514007,available
wa-test-001877,0,0.0014879868578298171,0,0.6347524058514007,available
wa-test-001878,0,0.00128363650411863,0,0.6347524058514007,available
wa-test-001879,0,0.0006065105565824016,0,0.6347524058514007,available
wa-test-001880,0,0.00039820537635794123,0,0.6347524058514007,available
wa-test-001881,0,0.00018773357372185262,0,0.6347524058514007,available
wa-test-001882,0,0.00045359698592119523,0,0.6347524058514007,available
wa-test-001883,1,0.9883957088037533,1,0.6347524058514007,available
wa-test-001884,0,0.00062105130284752,0,0.6347524058514007,available
wa-test-001885,0,0.0004170521984073534,0,0.6347524058514007,available
wa-test-001886,0,0.0006984086488627661,0,0.6347524058514007,available
wa-test-001887,0,0.0004186804030762663,0,0.6347524058514007,available
wa-test-001888,0,0.06802309441427987,0,0.6347524058514007,available
wa-test-001889,0,0.0044856572522603885,0,0.6347524058514007,available
wa-test-001890,0,0.005415703125226354,0,0.6347524058514007,available
wa-test-001891,0,0.0021233971122691635,0,0.6347524058514007,available
wa-test-001892,0,0.0019150077386748843,0,0.6347524058514007,available
wa-test-001893,0,0.0007168858242547492,0,0.6347524058514007,available
wa-test-001894,0,0.0002178870074308942,0,0.6347524058514007,available
wa-test-001895,0,0.00779332172726643,0,0.6347524058514007,available
wa-test-001896,1,0.9601172566371974,1,0.6347524058514007,available
wa-test-001897,0,0.0017279771274894223,0,0.6347524058514007,available
wa-test-001898,0,0.005508777916905976,0,0.6347524058514007,available
wa-test-001899,0,0.017715517854672933,0,0.6347524058514007,available
wa-test-001900,0,0.0017409543293106647,0,0.6347524058514007,available
wa-test-001901,0,0.003878554656041432,0,0.6347524058514007,available
wa-test-001902,0,0.0011528903270697159,0,0.6347524058514007,available
wa-test-001903,0,0.0016307891800302053,0,0.6347524058514007,available
wa-test-001904,0,0.0003784507650017512,0,0.6347524058514007,available
wa-test-001905,0,0.008866958276735094,0,0.6347524058514007,available
wa-test-001906,0,0.03870354469099871,0,0.6347524058514007,available
wa-test-001907,0,0.016629804429695427,0,0.6347524058514007,available
wa-test-001908,0,0.0025680223346855316,0,0.6347524058514007,available
wa-test-001909,0,0.0014326292498683115,0,0.6347524058514007,available
wa-test-001910,1,0.22083191327625593,0,0.6347524058514007,available
wa-test-001911,0,0.003947714019510799,0,0.6347524058514007,available
wa-test-001912,0,0.001266376513135984,0,0.6347524058514007,available
wa-test-001913,0,0.0007853464165893868,0,0.6347524058514007,available
wa-test-001914,0,0.0005977436547004717,0,0.6347524058514007,available
wa-test-001915,0,0.0009034012159877958,0,0.6347524058514007,available
wa-test-001916,0,0.00012597189689418775,0,0.6347524058514007,available
wa-test-001917,1,0.9974248927944757,1,0.6347524058514007,available
wa-test-001918,0,0.020013831760406935,0,0.6347524058514007,available
wa-test-001919,0,0.0008376446755328542,0,0.6347524058514007,available
wa-test-001920,1,0.5209359419789258,0,0.6347524058514007,available
wa-test-001921,0,0.00021336359297229022,0,0.6347524058514007,available
wa-test-001922,0,0.000910223248047654,0,0.6347524058514007,available
wa-test-001923,0,0.001279602760460081,0,0.6347524058514007,available
wa-test-001924,0,0.001767834745705571,0,0.6347524058514007,available
wa-test-001925,0,0.0030323171995550913,0,0.6347524058514007,available
wa-test-001926,0,0.009580808162899739,0,0.6347524058514007,available
wa-test-001927,0,0.0013227282345199393,0,0.6347524058514007,available
wa-test-001928,0,0.0016602172558949258,0,0.6347524058514007,available
wa-test-001929,0,0.0018260570904781856,0,0.6347524058514007,available
wa-test-001930,0,0.006939859107329204,0,0.6347524058514007,available
wa-test-001931,0,0.0026320682116523788,0,0.6347524058514007,available
wa-test-001932,0,0.012617571471308672,0,0.6347524058514007,available
wa-test-001933,0,0.0012865148315160922,0,0.6347524058514007,available
wa-test-001934,0,0.0003831081176131957,0,0.6347524058514007,available
wa-test-001935,0,0.01702924013920076,0,0.6347524058514007,available
wa-test-001936,0,0.14872597629469525,0,0.6347524058514007,available
wa-test-001937,0,0.0023721342084069698,0,0.6347524058514007,available
wa-test-001938,0,0.0005739089075104593,0,0.6347524058514007,available
wa-test-001939,0,0.0010765705159813358,0,0.6347524058514007,available
wa-test-001940,1,0.38454069773037836,0,0.6347524058514007,available
wa-test-001941,0,0.001686360703395095,0,0.6347524058514007,available
wa-test-001942,0,0.0003002382475257093,0,0.6347524058514007,available
wa-test-001943,0,0.00018267703984214818,0,0.6347524058514007,available
wa-test-001944,0,0.0010839235497489348,0,0.6347524058514007,available
wa-test-001945,0,0.0004446644008288818,0,0.6347524058514007,available
wa-test-001946,0,2.6364153683764652e-05,0,0.6347524058514007,available
wa-test-001947,0,0.0005230994234773082,0,0.6347524058514007,available
wa-test-001948,1,0.9903620367825914,1,0.6347524058514007,available
wa-test-001949,0,0.25386774538832024,0,0.6347524058514007,available
wa-test-001950,0,0.053782018036343304,0,0.6347524058514007,available
wa-test-001951,0,0.00018291317008451894,0,0.6347524058514007,available
wa-test-001952,0,0.0054091708144060145,0,0.6347524058514007,available
wa-test-001953,0,0.0028792447162654324,0,0.6347524058514007,available
wa-test-001954,0,0.00024146418869142077,0,0.6347524058514007,available
wa-test-001955,1,0.99371133577124,1,0.6347524058514007,available
wa-test-001956,0,0.0001413344203198746,0,0.6347524058514007,available
wa-test-001957,0,0.0030409404727489513,0,0.6347524058514007,available
wa-test-001958,0,0.00023147423856364845,0,0.6347524058514007,available
wa-test-001959,0,0.001895143078707088,0,0.6347524058514007,available
wa-test-001960,0,0.0008804346088005503,0,0.6347524058514007,available
wa-test-001961,0,0.0012495980153455941,0,0.6347524058514007,available
wa-test-001962,0,0.001943779968196411,0,0.6347524058514007,available
wa-test-001963,0,0.0012815956121848557,0,0.6347524058514007,available
wa-test-001964,1,0.9990151986666312,1,0.6347524058514007,available
wa-test-001965,0,0.0009736096851332486,0,0.6347524058514007,available
wa-test-001966,0,0.001093428545934045,0,0.6347524058514007,available
wa-test-001967,0,0.000881379562426632,0,0.6347524058514007,available
wa-test-001968,0,0.0016323011499602266,0,0.6347524058514007,available
wa-test-001969,0,0.03319808891691596,0,0.6347524058514007,available
wa-test-001970,1,0.9974758681370004,1,0.6347524058514007,available
wa-test-001971,1,0.9156850468686571,1,0.6347524058514007,available
wa-test-001972,0,0.0037903626794954432,0,0.6347524058514007,available
wa-test-001973,0,0.00031976286117209063,0,0.6347524058514007,available
wa-test-001974,0,0.07290950311324858,0,0.6347524058514007,available
wa-test-001975,0,0.00046790867867171226,0,0.6347524058514007,available
wa-test-001976,0,0.004689207209397693,0,0.6347524058514007,available
wa-test-001977,0,0.0001533066500644385,0,0.6347524058514007,available
wa-test-001978,0,0.026271914127419596,0,0.6347524058514007,available
wa-test-001979,0,0.002448240761085952,0,0.6347524058514007,available
wa-test-001980,0,0.00018715819707142066,0,0.6347524058514007,available
wa-test-001981,0,0.00824002018206214,0,0.6347524058514007,available
wa-test-001982,0,0.003274091297557743,0,0.6347524058514007,available
wa-test-001983,0,0.009089873947645587,0,0.6347524058514007,available
wa-test-001984,0,0.00673344476562671,0,0.6347524058514007,available
wa-test-001985,0,0.00024372260320031623,0,0.6347524058514007,available
wa-test-001986,0,0.019396704847760023,0,0.6347524058514007,available
wa-test-001987,0,0.0008782397442849942,0,0.6347524058514007,available
wa-test-001988,0,0.0011320390167737782,0,0.6347524058514007,available
wa-test-001989,0,0.0006338148576760793,0,0.6347524058514007,available
wa-test-001990,0,0.0003463332592785479,0,0.6347524058514007,available
wa-test-001991,0,0.00011763471176270449,0,0.6347524058514007,available
wa-test-001992,0,0.09950579438862545,0,0.6347524058514007,available
wa-test-001993,0,0.0002269007441197193,0,0.6347524058514007,available
wa-test-001994,0,0.0003704631748287776,0,0.6347524058514007,available
wa-test-001995,0,0.006861500784407046,0,0.6347524058514007,available
wa-test-001996,0,0.32709464171151387,0,0.6347524058514007,available
wa-test-001997,0,0.0008324096263828752,0,0.6347524058514007,available
wa-test-001998,0,0.022547540219255768,0,0.6347524058514007,available
wa-test-001999,1,0.34138676611584134,0,0.6347524058514007,available
wa-test-002000,0,0.001226303959852321,0,0.6347524058514007,available
wa-test-002001,0,0.0002755277641960723,0,0.6347524058514007,available
wa-test-002002,0,0.0003589816552284475,0,0.6347524058514007,available
wa-test-002003,0,0.003921599748333641,0,0.6347524058514007,available
wa-test-002004,0,0.03835759588682488,0,0.6347524058514007,available
wa-test-002005,0,0.0025794095585213654,0,0.6347524058514007,available
wa-test-002006,1,0.06423481811274626,0,0.6347524058514007,available
wa-test-002007,0,0.0012454275063846134,0,0.6347524058514007,available
wa-test-002008,0,0.004074738900642143,0,0.6347524058514007,available
wa-test-002009,0,0.0020790437665960016,0,0.6347524058514007,available
wa-test-002010,0,0.0023574599281628423,0,0.6347524058514007,available
wa-test-002011,0,0.0004085934082897972,0,0.6347524058514007,available
wa-test-002012,0,0.0014460783333329907,0,0.6347524058514007,available
wa-test-002013,0,0.004475149473906249,0,0.6347524058514007,available
wa-test-002014,0,0.03187642874262021,0,0.6347524058514007,available
wa-test-002015,0,0.9556401072371424,1,0.6347524058514007,available
wa-test-002016,1,0.9887929267034583,1,0.6347524058514007,available
wa-test-002017,0,0.02246973619673682,0,0.6347524058514007,available
wa-test-002018,0,0.0014665853431731846,0,0.6347524058514007,available
wa-test-002019,0,0.00021867686626288643,0,0.6347524058514007,available
wa-test-002020,0,0.0001807886558023465,0,0.6347524058514007,available
wa-test-002021,0,0.0003535735945974241,0,0.6347524058514007,available
wa-test-002022,0,0.0041720282106316965,0,0.6347524058514007,available
wa-test-002023,0,0.0004390271500515979,0,0.6347524058514007,available
wa-test-002024,0,0.0011712040005183784,0,0.6347524058514007,available
wa-test-002025,0,0.004160116862326139,0,0.6347524058514007,available
wa-test-002026,0,0.04133749813943724,0,0.6347524058514007,available
wa-test-002027,0,0.0016423287464473353,0,0.6347524058514007,available
wa-test-002028,0,0.06430539109029476,0,0.6347524058514007,available
wa-test-002029,0,0.000679309678194729,0,0.6347524058514007,available
wa-test-002030,0,0.0010353678182514479,0,0.6347524058514007,available
wa-test-002031,0,0.006995712284248997,0,0.6347524058514007,available
wa-test-002032,0,0.0002658040980687385,0,0.6347524058514007,available
wa-test-002033,0,0.00017316461238544854,0,0.6347524058514007,available
wa-test-002034,0,0.0017062952833846263,0,0.6347524058514007,available
wa-test-002035,0,0.0007110955058815226,0,0.6347524058514007,available
wa-test-002036,0,0.004725495315297549,0,0.6347524058514007,available
wa-test-002037,0,0.00011567805110112265,0,0.6347524058514007,available
wa-test-002038,0,0.0003148118560004572,0,0.6347524058514007,available
wa-test-002039,0,0.0030327641799026343,0,0.6347524058514007,available
wa-test-002040,0,0.1345129073451286,0,0.6347524058514007,available
wa-test-002041,0,8.102258728801135e-05,0,0.6347524058514007,available
wa-test-002042,1,0.9561280564093749,1,0.6347524058514007,available
wa-test-002043,0,0.0009123757634181884,0,0.6347524058514007,available
wa-test-002044,0,2.6899186624422385e-05,0,0.6347524058514007,available
wa-test-002045,0,0.03596717010671841,0,0.6347524058514007,available
wa-test-002046,0,0.0007745694340710466,0,0.6347524058514007,available
wa-test-002047,0,0.0018961546629606078,0,0.6347524058514007,available
wa-test-002048,1,0.9869464402961272,1,0.6347524058514007,available
